733 7 6 
1 2-0 63.81139 2093.6226115781333 -32.620756909022646 52.27064559342615 0.09525233984404452 5.451596600763954  
2 2-0 66.86472 1784.3521554151453 -35.574492403138606 50.548308131177414 0.06936354057943984 5.591667403761436  
3 2-0 65.81378 1854.8583026570518 -33.57317238370874 51.354789157154265 0.07496706348221002 5.519249645456587  
4 2-0 65.25129 1655.6675388089143 -34.12352807658922 48.96775706904669 0.06512571704428707 5.645646478485428  
5 2-0 61.56316 1750.0566019957237 -28.637392834104656 49.471772300423055 0.0748144751169892 5.650385878933897  
6 2-0 66.63524 2450.204050563681 -29.527999156652974 56.53008866515427 0.09584919571968532 5.594975377039014  
7 2-0 64.87831 2050.2366544872125 -31.415708734847534 52.36953563099421 0.0823230459109706 5.611912520372985  
8 2-0 66.86869 2205.885127149721 -31.401756654400554 54.64728507923447 0.08314700475321107 5.6503209907721  
9 2-0 64.63262 1618.1823996237717 -28.938538299115184 49.377091935558134 0.05512978143949291 5.858431733011723  
10 2-0 75.95585 2435.9703332485615 -36.790665442733335 58.63470482721717 0.06508434059462984 5.8681913213447405  
11 2-0 65.62916 1577.470027743476 -33.338792213153155 48.7719410465125 0.05950154002186003 5.675247947747776  
12 2-0 65.16312 1983.6942509277756 -30.579569670106356 52.535068377658874 0.07770692704158186 5.601830542604475  
13 2-0 66.49258 1695.1078950265069 -31.833270619952682 50.30984997624488 0.058782946649882525 5.746086387044674  
14 2-0 66.8329 1787.6907826048005 -29.460018028190582 51.51170818938098 0.056849613087844 5.872580282685042  
15 2-0 62.33116 1989.7037281160674 -30.146898816560284 51.36645551154502 0.09097377179022015 5.487055976307079  
16 2-0 64.14018 1943.4756310096598 -33.01611061237572 51.2433738579017 0.08479581151259588 5.510035867349218  
17 2-0 63.52878 1509.6164969758977 -30.114686072475553 47.66586595353851 0.05521236356468522 5.805755855913904  
18 2-0 64.16222 1640.4154221885324 -29.99276897986463 49.14884408679578 0.06006585506412485 5.7449980740590965  
19 2-0 70.05203 1950.8750811046996 -31.995461651300197 53.52436153850517 0.05594537779680221 5.966130771517165  
20 2-0 71.60355 1895.0546523754151 -37.12276743857787 53.0873366080802 0.06132069888209 5.68205001202707  
21 2-0 55.79663 1442.874329625942 -26.367331828572706 45.31360299652678 0.0800474053174309 5.449449886406799  
22 2-0 66.68275 1541.7598463050351 -34.50065409390413 48.249665963066036 0.05506850257967487 5.701514720845682  
23 2-0 65.29206 1651.1047961148179 -31.509674762317566 49.03693594994376 0.05824965279928467 5.727184652026015  
24 2-0 60.93538 1584.4376797924617 -27.767297377081384 47.78921640086633 0.06650304217050362 5.624515158392645  
25 2-0 68.84383 1645.0168633613296 -35.04678195558955 50.40262337030784 0.05671034450937129 5.678863910630369  
26 2-0 67.60758 2079.00221791669 -29.292079900494965 53.99859486136241 0.06741663196607313 5.831372299408759  
27 2-0 68.28605 2246.2230760288717 -35.0259574331682 54.89300002942133 0.08698127874998143 5.522984793473898  
28 2-0 67.37488 1774.55469307962 -35.106780326819845 50.79700937308632 0.06624904159463042 5.615070790930173  
29 2-0 62.40351 1787.3342688974685 -27.833755350554583 50.362989699529805 0.07254468792087054 5.681090824569434  
30 2-0 65.88837 2057.0367707030478 -32.07724590943509 52.9066012267844 0.07966799208869664 5.644444020206898  
31 2-0 71.56886 2080.3319350062734 -34.75325341107637 54.81450951751481 0.06259831753776644 5.824066778002643  
32 2-0 71.41107 1714.1135164964626 -35.19558929036926 51.73487889669597 0.051319861723056165 5.793445515392866  
33 2-0 64.15978 1560.2020060299817 -33.53923178206382 48.09193134855451 0.06525136375088071 5.552722952244252  
34 2-0 67.78267 1629.0811764749042 -33.298343906707004 50.16591219057411 0.05509252975986101 5.743356740489015  
35 2-0 60.64073 2072.238269191965 -25.495423937401018 51.88508250297545 0.09742255521192084 5.500863435674544  
36 2-0 77.82955 2244.153521303388 -38.73730927853484 57.716634941458096 0.05609403248211713 5.903861083501747  
37 2-0 65.96348 1557.5462587484747 -34.334009647183805 48.307971879887894 0.061041880138074496 5.524594781672593  
38 2-0 70.17905 1735.411660318737 -35.413606214299804 50.73917656902322 0.05193628846738494 5.855473277509443  
39 2-0 71.43047 1981.5820013819002 -36.85983826446915 53.86417454897049 0.06542456228524629 5.654791842497062  
40 2-0 67.01746 1724.9021759142788 -35.3743745698671 50.28970851247442 0.06833194786303425 5.480793735401671  
41 2-0 68.14525 2058.685151152769 -33.71379413996783 53.96343800353048 0.07588846054531823 5.597008848258485  
42 2-0 71.40011 1768.5162547851394 -38.17105246914923 51.795663001958935 0.05953983973760468 5.6273017851067735  
43 2-0 76.76118 2078.0159434021766 -37.29278948926277 55.97419510771747 0.04960759842118252 6.022452032489999  
44 2-0 69.33603 1678.9699253158406 -35.03683659158197 50.61662070332993 0.05539658922563845 5.733118345829157  
45 2-0 71.35071 1610.8885715760648 -37.32605251992057 50.43842301934619 0.05176232244900531 5.7162600949924975  
46 2-0 73.57505 2218.6909303395714 -36.62232340881101 56.0810098910968 0.06378963892819553 5.837250606836557  
47 2-0 71.21917 1822.3499849747118 -37.205227897591826 52.14918019143082 0.058479347498641296 5.732648436704516  
48 2-0 72.67146 2025.6724498198737 -37.6512709171043 54.24979238539164 0.061976193268637916 5.785833208019606  
49 2-0 69.17832 1763.3855060546039 -33.21053803381921 51.47435920256276 0.05388873683552756 5.870626995023476  
50 2-0 68.41842 1848.6019333388242 -31.933329865302195 52.02563233562649 0.05660427561755562 5.91451444630159  
51 2-0 65.08809 1741.3457909410247 -32.07248159499884 50.187689538308234 0.066371617210993 5.677711950166368  
52 2-0 70.34902 1708.5995829726903 -37.474096637348396 51.06091913397073 0.059796804118101336 5.602436057942509  
53 2-0 63.25056 1634.0480048154418 -28.65324413284924 49.44729930455173 0.06355145818952011 5.6828856803466525  
54 2-0 61.49763 1581.7886390608226 -30.939861901461608 47.66475315426291 0.0706327665745417 5.572479316303799  
55 2-0 69.41531 1767.9723061557615 -33.23871546165451 51.64876574075229 0.053640017211393054 5.873266252226521  
56 2-0 72.23845 2084.7917483120573 -34.77413913381461 54.790592799566326 0.05912315893589055 5.89476093322652  
57 2-0 71.99842 1984.4151398605425 -38.53651025399366 53.67035166334803 0.06578641046136989 5.66454827041725  
58 2-0 72.37277 2010.1898601048279 -33.39821176436861 54.4546363197584 0.05368113890869658 5.956911082185216  
59 2-0 69.57909 1669.456367528434 -33.9526443389769 50.971393051126114 0.052422776468086005 5.783079854303904  
60 2-0 67.14258 1756.0788503375102 -31.037137141530646 51.323939132071644 0.05803823558341522 5.808253604862643  
61 2-0 72.46602 1734.594434725074 -38.11445434856041 51.30503329338973 0.0516925973858912 5.7630799397820915  
62 2-0 69.06494 1598.764479207014 -35.780824332652124 49.757977333828464 0.05533052799226273 5.620844574881216  
63 2-0 67.23642 2045.2099878299525 -29.7456718816276 53.40006023476339 0.06619671388555666 5.87833372076312  
64 2-0 65.78463 1541.9796986892495 -30.337359433749285 49.11167625222587 0.052290057454190506 5.7892155155201435  
65 2-0 61.21402 1473.3644365549521 -29.716682502172414 46.69524800585215 0.06232948335294283 5.654074612777565  
66 2-0 66.70983 1467.5837273962945 -33.10993301292606 47.9222904234602 0.05036070439244113 5.755771539408601  
67 2-0 68.42447 1770.6849455597653 -34.026836235037024 50.748490698950356 0.05613514613543914 5.864662010181808  
68 2-0 64.92417 1695.2751329907187 -32.11560263104143 49.66558482463627 0.06471523127728832 5.685153824054277  
69 2-0 62.40804 1547.7719685856794 -26.860013418771917 48.59076743773902 0.05989160595546215 5.659424318625214  
70 2-0 64.91246 1659.127968158945 -31.911540963913907 49.453284385607105 0.06272768972004836 5.696634855761918  
71 2-0 68.01973 1606.7001065566037 -32.67945843981748 49.864212727970795 0.050871456420263306 5.837517811313055  
72 2-0 62.75767 1870.6959087544326 -27.529548001748235 51.62175923521302 0.07796760493194113 5.602895573814894  
73 2-0 67.23798 1898.2386750647681 -33.303050081701 52.28008283603533 0.06981052733385434 5.644302544793689  
74 2-0 65.71123 1900.1715489763258 -29.640158340158223 52.699593072846284 0.07116574020447465 5.636582294325223  
75 2-0 69.61118 1733.99956085852 -36.79148754824188 51.265053624952365 0.061852413034472205 5.586730265071863  
76 2-0 70.15437 1775.1365253865831 -34.80168150734692 52.20351854290832 0.05852107707919945 5.663013012256755  
77 2-0 75.17794 1888.0654717249088 -39.80623813695921 53.843455764895154 0.05450461319005872 5.778731183349434  
78 2-0 71.5335 1895.0780900301486 -35.72448579378866 53.199586244001004 0.05746254442805103 5.802824605376137  
79 2-0 67.10552 1993.7194858422836 -34.75240727327259 52.33997822361091 0.07639431183240736 5.601781690922714  
80 2-0 71.07769 1707.8210865257824 -35.00273345370239 51.80037141019689 0.05191941454499468 5.800768715529233  
81 2-0 63.24781 1961.587917603152 -31.52687895154119 51.78034985030902 0.09025325663318079 5.416009095213933  
82 2-0 64.70222 1751.163844675336 -31.97094251618678 49.93872763616963 0.06736977311203704 5.684494351082691  
83 2-0 64.96994 1797.2404992646966 -33.19537887662514 50.49048588655838 0.07371669258833181 5.5368207818526045  
84 2-0 73.04781 1824.097242231752 -38.00572619350646 52.95996923216007 0.05588039627990041 5.737537723707212  
85 2-0 74.40872 1831.7812768774556 -40.43534699889916 52.95783331595054 0.05712466228215853 5.6145993285400495  
86 2-0 74.71234 1754.7358580056039 -39.392351033444776 52.51895259793025 0.05068869142749229 5.745035917307182  
87 2-0 70.31528 1698.4696596371589 -35.70407119457278 51.22711368987092 0.054752575125620824 5.743245833884609  
88 2-0 67.46693 2056.215120946973 -34.827905439158705 53.40761777363985 0.08113794715223037 5.495994433768958  
89 2-0 59.74274 1904.1561723226662 -25.143696264521097 50.76787686619162 0.09079557899407703 5.531404456435778  
90 2-0 61.54374 1619.7309692495323 -30.634249468291284 48.23637735299875 0.07287762220948377 5.546861190360875  
91 2-0 62.0368 1952.5839651145152 -26.44172854105315 51.62952560183576 0.08201106665148332 5.663599058830617  
92 2-0 55.15665 1474.1415040286406 -27.23050995085195 45.187675149007205 0.08987939694151834 5.277584221920775  
93 2-0 66.86693 2086.671050464119 -29.458679420229203 54.11044259107877 0.07232287889794765 5.774722035720422  
94 2-0 65.89479 1593.616485510334 -32.94835034600076 49.19292906657706 0.05959256231175602 5.655011270880171  
95 2-0 71.68349 2331.15148907 -36.26650907263279 56.39287230784639 0.0764874063350452 5.684107923784153  
96 2-0 65.52848 1995.0491820568993 -34.121866309397724 51.99664771505777 0.08373611527081071 5.513078275324916  
97 2-0 67.72788 1768.5161333167407 -36.186947449070864 50.728011295680574 0.06756273671961804 5.571753491378464  
98 2-0 66.21328 2317.6059285154656 -32.03175045836756 54.885366367674514 0.09407597260846248 5.555339394015241  
99 2-0 72.14615 2063.3325917360244 -33.781641208342265 54.524869453128446 0.05667003449243611 5.9252004019890645  
100 2-0 69.37295 1935.7202442869273 -37.16810263224418 52.531822234357996 0.07109950659877891 5.577747681282751  
101 2-0 68.70123 2491.4435372085413 -30.273243099013282 56.94107317037414 0.08564680669923508 5.715060048682174  
102 2-0 64.801 1683.9239012676862 -27.71738580204127 50.05756661342978 0.056116506605833956 5.843480848809301  
103 2-0 63.04936 1972.696829719773 -31.434059266332664 51.37164479075066 0.08919509508320222 5.481612539670971  
104 2-0 68.9456 2254.5518548675655 -35.20919956202631 55.02737072744304 0.08368438702046989 5.552967373158827  
105 2-0 69.24478 1845.5660907273557 -37.73605521618617 51.85203527637673 0.07089635281448825 5.451573765539126  
106 2-0 62.30821 2048.602217362171 -26.77534496804174 52.312074657783356 0.08856566764465622 5.563089590350014  
107 2-0 60.41607 1762.3742288321848 -25.987686729115065 49.84024863697935 0.07981895409040743 5.516031616957969  
108 2-0 67.6214 2027.5833780181415 -36.45120268754891 52.58106482833451 0.08119389197077898 5.49786410272933  
109 2-0 67.15403 2032.178893522122 -33.02001867783177 53.25958406327564 0.07598345432205938 5.6339804735508245  
110 2-0 59.67223 1901.5215678618208 -24.803148244643562 50.4834357781619 0.08877559657647884 5.57325904575638  
111 2-0 59.21941 1519.852723321098 -29.333996879828437 46.89310206776477 0.07593505116245207 5.447312211829555  
112 2-0 63.70217 1709.5450795378715 -25.10842115318494 50.20514155338785 0.05645712944247271 5.916600884561951  
113 2-0 63.69164 1523.6374326750695 -27.133487250377794 48.534957662666706 0.051300032392086976 5.877742486448446  
114 2-0 64.22184 1608.2839758836235 -33.358865701644135 48.35570123113984 0.06619600682257729 5.574707188233243  
115 2-0 69.09692 2359.473201001983 -32.165600844355254 55.96554105559114 0.07957280174146687 5.754630835563691  
116 2-0 65.70363 1941.3422022664288 -33.4772047844792 51.76737389314104 0.07821257124766526 5.559794048154623  
117 2-0 66.3571 1920.4739937150498 -35.52230254781586 51.593593952368806 0.08003577866020113 5.46866557598883  
118 2-0 66.94207 2060.455333939341 -30.883325488628657 53.14534775878886 0.07121867244264246 5.755803951658428  
119 2-0 68.96444 1819.7413940974195 -35.07539259488745 51.97641612243752 0.06401142529614287 5.638470252794915  
120 2-0 62.36301 2048.9574796538236 -28.07753347708304 52.322201108315184 0.09111205831320528 5.5448399127095245  
121 2-0 62.56821 1763.0925815158562 -27.807363954944126 50.20082011130697 0.0701607319397522 5.681992554945577  
122 2-0 63.19508 1378.2943781866063 -31.968659500365174 46.55009134337672 0.058942995442378986 5.509385337910344  
123 2-0 63.66565 1727.930197350928 -30.55527398535062 49.69942114593294 0.06788485934718727 5.681333347982583  
124 2-0 73.32444 2202.2740852756547 -36.23039414029488 56.08454099786824 0.06488719414783216 5.775912151430163  
125 2-0 62.50857 1680.506424577072 -28.82309139486405 49.26696412119856 0.06718964485359055 5.698073341659301  
126 2-0 62.97985 1499.9785956601493 -32.6575149364633 47.17945349571206 0.06450427880082149 5.557291099933912  
127 2-0 63.12194 1495.0022141431134 -31.903495226417412 47.467470799963834 0.06212832555233248 5.614110759277404  
128 2-0 64.70192 1975.6883655025842 -31.633864107173938 51.95408506123849 0.08024472087487193 5.5935636926835866  
129 2-0 66.84271 2243.5056090760886 -32.47130669202997 54.396805747255705 0.08587277584996365 5.641837881623612  
130 2-0 67.25219 1998.6675886227986 -33.333967036784586 52.964596084513786 0.07425504137549954 5.652331831484589  
131 2-0 72.59335 2056.5176589303155 -35.65255119561603 54.69780341606016 0.05953724794803356 5.839652533714406  
132 2-0 68.48673 2274.190965703359 -34.736824195749904 55.050101061253095 0.08585078104580061 5.5695112398897555  
133 2-0 58.69473 1666.1806406143294 -25.145067349979843 48.265820786807765 0.07733680726087486 5.602111354306376  
134 2-0 70.90635 2420.993381240362 -35.949980377874105 56.7296827921857 0.08354522651241668 5.650911852890525  
135 2-0 65.10088 2301.744813091794 -31.156924521770975 54.63881010152849 0.09921211507169458 5.469592688931296  
136 2-0 64.56735 1948.4501703900855 -31.60386843685202 51.902590460813556 0.08055358776814922 5.560999875478592  
137 2-0 66.28264 2055.446204881166 -30.307552709502716 53.7036788240845 0.07605027064537855 5.686719600965805  
138 2-0 60.89618 1735.5857119822367 -31.198314512367038 48.935245391881516 0.08749545594046923 5.312354264400715  
139 2-0 65.39888 1944.052761032209 -31.43003121460229 51.807712796925834 0.07368887841028368 5.673694759898165  
140 2-0 65.24802 1856.142162418045 -31.19133752431004 51.75622095727023 0.07298702756704575 5.57790142799475  
141 2-0 60.82672 1914.0936356466234 -23.968609431849433 51.42078401863389 0.08376851360064898 5.6081001173640415  
142 2-0 65.86312 1845.9934769245986 -28.038514883735278 52.07726582011723 0.06273699439699097 5.763075823078803  
143 2-0 66.54016 1963.930485567383 -31.721230418342124 52.25228341059813 0.06940619396428627 5.769496015298218  
144 2-0 65.28737 1695.4406891892158 -34.40263717363901 49.6897648545965 0.07122688206539428 5.47897953239387  
145 2-0 75.22446 2360.077317142742 -37.39883049661634 57.35975930148729 0.06395051610905873 5.8916836652913664  
146 2-0 71.06869 2043.846141975712 -33.04743221764724 54.26125228789386 0.0579619987692864 5.928926890455116  
147 2-0 68.93953 1788.9099399308311 -34.79517372752051 51.65154773480373 0.06048575440190021 5.737972554326269  
148 2-0 64.28658 2075.2974741618013 -32.294513294898145 52.346931658221656 0.0903242045298715 5.491944862637809  
149 2-0 70.98463 2309.8578747158285 -37.07994262759019 55.87937366006043 0.08094915427774568 5.610396778950618  
150 2-0 70.6471 2045.202745431634 -36.635120443905386 54.0135071146048 0.06982418539825232 5.63991829044572  
151 2-0 66.12722 1733.2215725436965 -31.743268532799338 50.65627359179798 0.06316258600466083 5.655905725932761  
152 2-0 64.75495 1802.517279324868 -32.8358879853983 50.37216192076831 0.07260739933799361 5.614815700180317  
153 2-0 67.18495 2067.6684979758534 -34.1831350697605 53.24328164865667 0.0799296823291071 5.585990740964988  
154 2-0 69.07817 2151.8925422614066 -32.165815532147455 54.56204204504534 0.06874983781359852 5.84705368746628  
155 2-0 64.79749 1620.3549290839062 -34.64846947793754 48.87775759678922 0.07153043015627591 5.390159618107835  
156 2-0 66.58701 2038.5947207994577 -30.99174602984036 53.56699038965844 0.07518667493466347 5.676001871583208  
157 2-0 69.57167 1818.9071535761987 -35.922061590189834 51.92502857771993 0.06286791245485931 5.6543141979471985  
158 2-0 70.58579 2250.377873066696 -33.89451286995378 55.78307214034663 0.07230820802160763 5.7728774425523826  
159 2-0 67.43068 2217.187615133103 -33.537460290694824 54.543243239607484 0.08573229321328309 5.574524734326646  
160 2-0 73.26093 1961.4200631339954 -35.693246769495794 54.34728014704398 0.0549951902079726 5.851211955952159  
161 2-0 66.45133 1872.3230356645981 -34.77655565270161 51.4888378777425 0.07539083045205949 5.5209654550385  
162 2-0 69.11779 1894.931997388507 -33.2816605029535 52.73776262424243 0.06014637569733109 5.84356442755796  
163 2-0 67.78109 1795.647112320812 -34.87929566340419 51.21056279255685 0.06533028649943812 5.652153353981077  
164 2-0 70.02969 1645.601731894563 -34.37574086271344 50.888602199278274 0.05098707516150823 5.8224531311670535  
165 2-0 69.34146 2039.6383110102834 -33.49423137313197 54.12946216962376 0.06718955214351262 5.779062382505766  
166 2-0 60.13695 1409.2116656592716 -27.70756028183756 45.91073507137732 0.05747422581569502 5.75558639085879  
167 2-0 63.721 1869.2292094021261 -27.508520888780513 51.56785043811272 0.07014013786192548 5.757399334320754  
168 2-0 57.37602 1394.7619855575347 -26.471998010385413 45.74014547422924 0.07068757816848464 5.4871606918879605  
169 2-0 66.81373 1586.8822431761507 -32.03728489536791 49.189744207333604 0.05217983973448115 5.832887570322654  
170 2-0 63.28823 1484.3487433595853 -31.893294814973874 47.418290702044054 0.061416608279633515 5.604090389707706  
171 2-0 65.37295 1725.9120764793295 -29.952038354241466 50.09559468348339 0.0582892458285261 5.832515948128395  
172 2-0 62.33482 1790.295204845879 -27.058849093061813 50.505066758770084 0.07222162447363915 5.667123119107496  
173 2-0 61.28652 1516.7981361640575 -28.87594331353134 47.59472767938362 0.06443083479287715 5.621750745777491  
174 2-0 58.82501 1523.9366931909608 -23.04957504829702 47.64581554893152 0.06459938850009726 5.719982730824617  
175 2-0 61.88009 1615.1512010179163 -29.329527465243594 48.54166037042768 0.0683494897253738 5.608026150118315  
176 2-0 67.12462 1657.1167470671433 -29.217087975469116 50.154484786897974 0.04775503893334471 6.010189070463936  
177 2-0 69.55832 1860.0993722773921 -35.011520440188335 52.27292975291134 0.06047257630487757 5.800773341125972  
178 2-0 71.99805 1793.6169619871678 -34.958525137374146 52.343069471993985 0.04910897299670814 5.968413827149417  
179 2-0 59.06974 1365.2724556654132 -28.804148608113145 44.450594424833376 0.05965007253672218 5.67794465645574  
180 2-0 59.50743 1603.0656137056694 -25.873899023858975 48.054094587331164 0.06987842940814673 5.694969484327995  
181 2-0 67.21333 1615.6083990871812 -30.985006752292524 49.49617265081974 0.04821241839647375 5.967317312109653  
182 2-0 68.02247 2012.5595095470283 -35.71277172270077 53.081189233389225 0.07805211533697239 5.522597314088435  
183 2-0 71.83066 2055.8367934376047 -36.81344307642891 54.51666690011124 0.06547968573443744 5.727836124891563  
184 2-0 64.08686 1754.0102193388648 -30.706838698048593 50.290918489280806 0.06943649723869585 5.640408259406344  
185 2-0 66.79065 1685.309685392577 -34.26438991557546 49.87321195698913 0.061470831774921596 5.701158513105689  
186 2-0 63.13551 1618.536751956031 -25.147694929563954 49.505393043063215 0.05485050406043052 5.886950694122579  
187 2-0 61.17232 1704.7372313349215 -27.305261886352145 49.44664916860357 0.07308284408369439 5.624245002689409  
188 2-0 65.54745 1793.2789499787793 -33.84168923068483 49.829034729943785 0.06822527037818915 5.656601516458948  
189 2-0 70.50016 2230.192135207136 -33.02047488483856 55.763323218038856 0.06976895014894373 5.815423501834849  
190 2-0 65.1239 1839.2405206085987 -33.179455451584424 50.68132149730049 0.0735192885632936 5.609717323906311  
191 2-0 69.5475 1895.611345436257 -33.82681599425809 52.723705817541045 0.05967470452424937 5.8316391046189455  
192 2-0 60.54815 1470.304928668833 -25.75996145379235 46.94984205236454 0.0565613941812293 5.795391254002443  
193 2-0 61.07981 1402.8717436747474 -30.56613195339624 45.66358346884283 0.06027216875722527 5.621037338184304  
194 2-0 65.77987 1773.1052216924095 -32.55598859056181 50.83836383779497 0.06745264631304507 5.636435443001017  
195 2-0 67.219 1684.686345595676 -34.16676434823391 50.117330983814625 0.06022023767404253 5.699443879630709  
196 2-0 68.59188 1663.9264855644776 -31.96136920063287 50.85746132213982 0.050941884200224344 5.852997455414816  
197 2-0 65.83001 1770.9989080680916 -30.37417803606689 50.67258540664703 0.059626435803449875 5.850155200634098  
198 2-0 67.29975 1747.9005130671953 -31.43917813943774 51.15122979893186 0.05766185137513196 5.788591472184368  
199 2-0 65.92033 1717.5922007796025 -32.538201683486804 50.34798884382894 0.06408805469199709 5.659214916011025  
200 2-0 66.64604 1970.5568009022497 -35.52908857396992 51.91531244108919 0.08039369875475078 5.486667667655168  
201 2-0 64.32427 1753.2120065528984 -29.870995702546892 50.43929781748862 0.06698486403279058 5.651362363451364  
202 2-0 63.71079 1651.8830761347829 -29.959419710785635 49.37170889575973 0.06404568534914662 5.669236411881689  
203 2-0 62.92672 1588.723730000055 -33.46707858613953 47.90093101257119 0.07187597725026074 5.469360051878071  
204 2-0 69.02822 1745.4679383995049 -32.11904604970072 51.668455699121296 0.05346949457629068 5.837118013613463  
205 2-0 67.21988 1779.07096442949 -33.29496849390803 50.92563939746751 0.06148442398215477 5.777147140939673  
206 2-0 69.62855 2050.0780043242526 -34.76670574803271 53.953362157606634 0.06896561910565298 5.7309466413852785  
207 2-0 62.88358 1763.6459839455695 -27.659138211445395 50.16400058035288 0.0669274857674485 5.774232165501639  
208 2-0 60.6373 1371.267562760066 -29.86739200482049 45.92295616352636 0.061669033374847894 5.557110559057357  
209 2-0 67.21214 1946.7413235978715 -31.17836852279381 52.847848978724485 0.06634641461046013 5.789665079803162  
210 2-0 71.08146 1732.581341487996 -36.11110758442872 51.383505409087306 0.05227882322193968 5.850761198336452  
211 2-0 67.96616 1803.9677594269933 -34.697433146057264 51.26385721981804 0.06354332089419458 5.7065770245722724  
212 2-0 60.10735 1574.6468112361501 -29.786067139838003 47.633902828597606 0.07592514621912097 5.48043881512265  
213 2-0 66.57017 1792.5746396939635 -32.67573573410264 50.92635192969623 0.06360800143284014 5.749233435109533  
214 2-0 56.0667 1556.8860082775095 -27.160370238120198 46.408173538326956 0.09189542071238313 5.285523324718149  
215 2-0 70.45677 2154.758843487324 -34.69777186843464 54.72589818128571 0.06870799434096742 5.805378285328481  
216 2-0 70.55612 2558.5330643327 -34.153031073016365 57.947203989249985 0.0890031132975224 5.66327154073775  
217 2-0 64.86182 1955.2944327539374 -34.01455210423767 51.55818299017843 0.08515143430481889 5.4689382437422704  
218 2-0 63.19038 1601.161803366315 -22.14412289877396 50.2799086129283 0.05373335863492727 5.85184765899449  
219 2-0 68.40615 2079.435287641919 -36.18350877742008 53.51406819727101 0.08016767518750398 5.534474538715156  
220 2-0 65.51388 2236.1818136038182 -30.528709288800844 54.234448221754704 0.08931162163699276 5.604226577468417  
221 2-0 69.17233 1900.4688618978673 -37.15743208002097 52.17552631884749 0.07088891738406661 5.533181196249157  
222 2-0 65.52206 1444.449918352289 -33.24235400242075 47.32521120162457 0.05289322175909723 5.724070701663618  
223 2-0 69.49019 1937.0291355260308 -35.619557640274735 52.79705984228609 0.06586311961525783 5.716597915226235  
224 2-0 69.73109 2047.821964755283 -35.066519944330196 54.04267256216268 0.0699254138947179 5.702217476712551  
225 2-0 79.00148 2513.119520705897 -40.13275014043427 59.5046252574378 0.06165126342073943 5.950382685117444  
226 2-0 57.20777 1553.8655479421732 -28.423816893250066 46.09692768836675 0.08425941727453833 5.422736234866495  
227 2-0 78.81699 2290.5303289857648 -40.38144147909441 57.88016172783409 0.05629054917160699 5.924341735102839  
228 2-0 71.98297 2101.701547221258 -36.630364748055854 54.645022634786734 0.06474135471238308 5.80812099274941  
229 2-0 69.12948 2076.8280753279387 -35.47569221254043 53.78639364746452 0.07484960158688213 5.609191285003259  
230 2-0 62.59757 1668.5283632676992 -29.182904228030033 49.344084275049376 0.06886412519843159 5.609379263992294  
231 2-0 56.75922 1667.7856014113793 -25.29436338452379 47.42492979222515 0.08853190843926231 5.493111705626411  
232 2-0 70.37349 1872.6300486182927 -34.964795046301155 52.89496494942039 0.060346257128708385 5.715767612459749  
233 2-0 68.80395 2018.990290917607 -35.97878841467593 53.24475024388125 0.07491993084340068 5.575709086272971  
234 2-0 62.15348 1875.3209120333931 -26.97904982895137 51.50155190442024 0.0805907437187458 5.578375905993862  
235 2-0 74.50594 1971.0841163926004 -35.97637381112857 54.52562295341864 0.04976251253427797 6.025667287861012  
236 2-0 65.00414 1860.806952445618 -31.395699985431847 51.617252864562595 0.07327232161293723 5.634115978168484  
237 2-0 63.12181 2066.6181193968187 -22.668368557801724 53.622924945274654 0.08125409845342829 5.6768639711014846  
238 2-0 72.23697 1979.4604356863683 -38.46818455251659 53.770634992189734 0.06479559322437359 5.671554236142039  
239 2-0 63.1915 2072.6097233903965 -27.450562384762357 52.6105470693841 0.08507978315214988 5.622957991824933  
240 2-0 72.08119 1972.712707072675 -35.59009054212514 53.6714840599347 0.05586941671666618 5.930370376386524  
241 2-0 58.88209 1246.353453513755 -25.28314753311198 44.16547353457964 0.049558753567524615 5.789094089940173  
242 2-0 64.18264 1919.2882380584535 -31.41962794554614 51.376075677828794 0.07940247705410547 5.581082677247135  
243 2-0 65.3858 1812.647315264413 -33.20238348916696 50.76338125056712 0.07159849822443032 5.622240770637378  
244 2-0 65.78457 1775.3428361000504 -33.99880042368744 50.43018518049175 0.06985360584799677 5.607917293672819  
245 2-0 72.73652 1897.1836177104913 -37.62262653604243 53.36218865031182 0.057551708088347 5.775867376760183  
246 2-0 67.3625 1776.7302013084236 -33.629943930003805 51.05145540306547 0.06221660998587728 5.74605782372625  
247 2-0 71.00249 1747.273113188923 -36.26077462383448 51.68571924257697 0.05484215588592153 5.770413119584225  
248 2-0 71.77627 2025.1589083979948 -32.175393919132944 54.911259557453306 0.05492600230920264 5.9799727913964755  
249 2-0 63.56061 1649.2652080436442 -28.81743729164721 49.864470102722926 0.06404737897886635 5.662383620260682  
250 2-0 57.89846 1618.381633170793 -24.22156072696009 47.92622280653424 0.07718617625864614 5.609302047165467  
251 2-0 58.05412 1300.0633000241126 -28.178879020084292 44.67234735294923 0.06492024986583668 5.480809686322393  
252 2-0 57.87591 1786.2565940040627 -25.88500780009588 48.937807804396186 0.094416337287704 5.425684617350329  
253 2-0 65.86171 1776.0558157736716 -25.64341591799831 51.52039340715911 0.05405210329400004 5.943041630232154  
254 2-0 72.86273 1895.3600274809858 -37.44571334935803 53.46469870409008 0.05729724338527713 5.776326467793305  
255 2-0 65.57508 1611.2813287273032 -32.5580528574222 49.38759569090575 0.06013880242302063 5.684014428269902  
256 2-0 68.27364 2164.673716964472 -32.899208130827134 54.304418522771726 0.07474331579855412 5.7502747416551445  
257 2-0 74.54182 1945.760341303084 -40.1019744757039 54.16305750293095 0.06045397295523798 5.641251410099364  
258 2-0 65.85027 1709.1265963287135 -33.43654270845174 50.457249236034585 0.06789833504475992 5.535326016184309  
259 2-0 70.25704 2156.981277312239 -34.45461052593807 54.87032558449384 0.07006205676528621 5.769902136910942  
260 2-0 75.90303 2013.9279797241193 -38.47557002424078 55.27579109126403 0.05312833557486907 5.902938130630668  
261 2-0 66.98257 1900.780787416913 -32.41226827721469 52.05083762404254 0.06664937548539113 5.767602402048182  
262 2-0 78.00815 2142.1832528723753 -40.85642617038107 56.7498620059618 0.056784165546985337 5.825074570184458  
263 2-0 65.08846 1514.8470468829657 -33.78596474775063 47.89841354935136 0.06000658209573524 5.603804055663266  
264 2-0 67.07758 1798.4234397683442 -30.925303343954212 51.400659552647596 0.058394143071368525 5.855347041737428  
265 2-0 68.0625 1909.6432320298595 -32.322757655039396 52.540323850910866 0.06250918807340915 5.837170925542517  
266 2-0 65.65522 1967.7739727699377 -28.736639401542543 52.39739191504044 0.06738773631303235 5.839320798111508  
267 2-0 67.46231 1753.004863513786 -31.024175130299792 51.31819823593886 0.05651723218271175 5.822508066358026  
268 2-0 66.72682 1922.7831657841377 -32.77891626349314 52.37900486464755 0.07146573257261672 5.677055582102291  
269 2-0 68.94268 1791.6691376443873 -34.14383750799129 51.528419726160614 0.057852562996681275 5.818218486642275  
270 2-0 69.28648 1744.9969200586447 -35.85449741320474 51.381918649515185 0.061948492511755014 5.584302935935454  
271 2-0 69.58435 2113.5281866530113 -33.222322631594565 54.54239257310277 0.06811148816056063 5.8201039095778135  
272 2-0 71.46303 2269.6975984241963 -36.835938089545714 55.623409716898124 0.0750066204727804 5.701586516659703  
273 2-0 65.10203 1770.6972741780212 -32.82553162661001 50.51448812198704 0.06946141357686918 5.669659857911306  
274 2-0 65.24731 1917.0163797173934 -29.093996874817527 52.13103697544405 0.06823393994763002 5.812381455885691  
275 2-0 63.77242 1855.7094198476134 -27.32587685490674 51.60548101843409 0.06950131458647296 5.787476334404436  
276 2-0 71.08156 2020.8644522684208 -33.5219193950952 54.658062410351626 0.06024584378509923 5.884669412411943  
277 2-0 62.04826 1835.443110337125 -32.073656828587225 49.67142183308926 0.0868123385376103 5.432470202596319  
278 2-0 59.81885 2052.57586361633 -25.69798397523976 51.69987966086634 0.10389182065437244 5.398935697335351  
279 2-0 63.68827 2112.0540091838625 -26.345817236873906 53.60300234346355 0.08523227378836491 5.631325641269134  
280 2-0 60.19692 1548.2671775042718 -29.562611345523827 47.202821993872874 0.0716983777660194 5.5551289197075535  
281 2-0 65.85147 1826.1089049747595 -29.845629494563855 51.54992313538492 0.06346075360358146 5.778252284731127  
282 2-0 60.31531 1376.1854178497535 -26.712192643898128 45.89117010320073 0.05513072202869196 5.731016688577918  
283 2-0 66.90585 1629.0476850272378 -32.87008585535707 49.59895623856757 0.054922270717675685 5.8122531600629515  
284 2-0 68.57134 1705.9525543645605 -32.26672279604033 50.81168843847481 0.051863717680495365 5.883496250806474  
285 2-0 67.88328 1777.9813932123366 -33.98006080770009 51.12405549160795 0.061437553197019074 5.717560857468783  
286 2-0 59.82942 1724.6107258744955 -28.39658171640867 49.069136611577385 0.08498528345782903 5.453065510552448  
287 2-0 56.75371 1654.8808550492986 -26.801520444343932 47.46822968219003 0.09357879120204446 5.359040807774692  
288 2-0 66.13367 2240.678872915116 -31.977382930797408 54.795042205220334 0.09310109294359738 5.451217044007636  
289 2-0 66.62718 1683.0476809023787 -33.9341210392304 49.97890586220171 0.062167867323577694 5.664758568057024  
290 2-0 68.62528 1475.4647636955924 -34.99959856635627 48.452539055333624 0.04936992641697161 5.739910107401964  
291 2-0 64.8028 1882.6043053811961 -32.915283953850704 51.28490030229989 0.07920093825437625 5.5059147363513405  
292 2-0 64.10491 1555.0687339797803 -32.622217788523315 48.17954596839638 0.0629059248125635 5.607145529729771  
293 2-0 68.17732 2070.826430952751 -33.261587146267836 53.762221033350926 0.07318003270359501 5.69332898106284  
294 2-0 70.44929 1892.5169677086387 -34.71185278558105 53.122153418764256 0.060099031722271004 5.757961585572228  
295 2-0 59.49749 1792.701923945181 -26.29197641517834 49.78901612706045 0.08606365624191632 5.539903207243325  
296 2-0 60.03396 1754.3629565727006 -27.167929098384057 49.53237101637274 0.08366198962598935 5.464028376522404  
297 2-0 73.10685 2097.5066135732136 -36.03515081077073 55.206968424515544 0.0601574083769492 5.841896796147483  
298 2-0 66.79629 1826.971421421711 -33.874199842090505 51.55177938043449 0.06977702532258208 5.592765502258847  
299 2-0 61.02272 1685.5653503149927 -27.036906954660463 49.59952042626252 0.07469752991737055 5.544986823782327  
300 2-0 58.3853 1752.2549420378775 -22.00736504472083 49.85995307871857 0.08460002836305021 5.512485768750942  
301 2-0 76.95559 2638.313764014126 -40.77363182674069 59.88601885757362 0.0781411117009972 5.674274408981982  
302 2-0 77.4244 2300.8540672128292 -43.36326867149003 57.317646991472394 0.07021899399484556 5.557621714646189  
303 2-0 70.21229 1725.6310213210802 -36.35691213184076 51.33170375343396 0.05720885589232136 5.698602472987381  
304 2-0 63.04615 1416.9377644905014 -32.04325322615628 46.75785333947765 0.060246204207964525 5.552411758719868  
305 2-0 66.30702 1908.949968970642 -31.68922988593845 52.220417242640615 0.07007769950700972 5.68180308753558  
306 2-0 66.88293 1690.2680360542467 -34.1493473580237 50.3113046426673 0.06281274529199599 5.6440956547011885  
307 2-1 118.56766 5914.223921722907 -68.24037494121866 89.30334237992045 0.07825258140599024 5.812578283878802  
308 2-1 112.46986 5477.369351878613 -64.35300164766903 85.40130566195425 0.08034352544167188 5.796924790057767  
309 2-1 111.24144 5190.411349419224 -62.852939268682334 83.74095757366197 0.07551460662774592 5.831462892924041  
310 2-1 105.1186 4064.209673238715 -57.030142221751 76.40405057549454 0.05881201845437915 6.035168016759134  
311 2-1 110.0671 4917.230537255006 -60.97827814737349 82.06642636362531 0.06937404521224837 5.953202995211125  
312 2-1 95.45126 4016.3733256311143 -52.301630969189326 73.2660356474937 0.07750379074636456 5.847691808250987  
313 2-1 99.17121 4282.997105554538 -53.82132860921686 76.02767791552569 0.07560527758419235 5.888029076299693  
314 2-1 96.22632 3850.6332419857813 -52.06109507783817 72.52616365074957 0.06999499988897756 5.882428648048173  
315 2-1 95.87209 3385.7115343724345 -50.75790333464466 70.14873486976487 0.05828706264538073 5.9806700930715495  
316 2-1 112.94495 5417.163414517334 -64.69995808492557 85.32205646021309 0.07858049713803186 5.795486799530248  
317 2-1 78.68468 2122.30940378569 -42.62039886542647 56.5231664001578 0.057428264985289725 5.748446870105404  
318 2-1 82.53752 2394.9502204073588 -43.89906543998878 59.652533879537984 0.05635799944645752 5.8749235744663055  
319 2-1 101.88627 4366.202841651755 -55.34052134656058 76.90074460219043 0.07071756231447474 5.909068117467075  
320 2-1 98.37273 4972.873927673521 -55.422339426252776 78.77901302913658 0.10152883668631144 5.5550723443224115  
321 2-1 101.43809 3533.302695377953 -55.216095690376456 72.49592334135319 0.05548287619839958 5.960676381353917  
322 2-1 97.9683 3662.773763425287 -52.38844417297149 71.90844925731346 0.060239886356420975 6.015540360230436  
323 2-1 121.77698 5781.822690285049 -68.93366212545784 89.63416015906954 0.06889439201314186 5.888903645286573  
324 2-1 123.65172 6384.195984484853 -69.98427380158975 92.60492568041303 0.07487136940620126 5.846321572340752  
325 2-1 105.75689 3784.851943318278 -58.50002306600751 75.05353696079305 0.055429400836998745 5.981395013931561  
326 2-1 106.81406 4173.084104905764 -57.21185244465307 77.55033999246353 0.056882659647434546 6.118165813451642  
327 2-1 93.58297 2750.91986294501 -48.73909098045876 65.35435513313533 0.045992526304601856 6.084004544836728  
328 2-1 105.38089 4196.3761748055995 -58.05276363574713 77.33806753477539 0.06306381775526995 5.994883710531049  
329 2-1 95.534 3497.1669409063793 -49.315387931797254 70.70832970030057 0.05833173982822219 6.082916416734136  
330 2-1 97.15303 4036.4021628947767 -52.748045587413834 73.7217953782399 0.07315377272596812 5.817179029042819  
331 2-1 99.77626 3951.4903761869355 -56.67510652278968 74.02605984624518 0.07161376222146787 5.749561580856421  
332 2-1 103.9271 3965.277100990686 -59.6448371799325 75.42782893095895 0.06691236176040713 5.715795309570717  
333 2-1 93.40461 4034.2291405137785 -47.509132973500364 73.0793054700315 0.07492921672061448 5.991461391244039  
334 2-1 98.28906 3493.509180216676 -53.79477656640641 71.08469849879555 0.05915192924004043 5.9284170185766465  
335 2-1 92.53519 3658.182091270367 -50.21925128339113 70.54632011366448 0.07388634268918325 5.8234724951338555  
336 2-1 116.45369 4109.404203113206 -62.486230031033294 80.03006959123537 0.045369408263721024 6.151875674771974  
337 2-1 118.80132 5816.112382406868 -66.22011921472708 88.72880115234494 0.07124978747398371 5.955682728321539  
338 2-1 102.69838 4246.224745067402 -55.66689738129076 76.56481110895287 0.0658679410669066 6.022312499351974  
339 2-1 98.83034 3775.0200206450077 -52.392233500674195 73.11624407326003 0.06105070877003003 6.05751428635614  
340 2-1 104.22351 3849.4432449875744 -52.81258024925618 75.06429354828646 0.04909914792268608 6.3043918294887185  
341 2-1 110.87614 4028.68884494488 -61.22265482764343 78.11639009154133 0.05392917663464313 5.957324920997037  
342 2-1 112.20831 5465.45620302521 -63.63489253272569 85.3325045379442 0.07978748858792307 5.787480620024891  
343 2-1 112.04073 4934.303695089866 -63.5852353673016 82.91708215729619 0.07021157801115052 5.845842336560481  
344 2-1 104.81917 4479.242258188341 -56.873382672935925 78.44330817691612 0.06724097809578548 6.015899302816638  
345 2-1 103.51901 4408.290314521104 -55.57695282330844 77.60895826584931 0.06686193633627811 6.020157758704093  
346 2-1 115.11551 4710.931486310096 -61.57623337319227 82.2484857409266 0.05333112370178115 6.1626226458900195  
347 2-1 111.16421 5152.666777049117 -60.652989676937274 83.40861138476743 0.06939931401820293 5.971972350710214  
348 2-1 117.09971 4981.298645529739 -64.47327275514039 84.43404607742367 0.05870406927241559 6.067230528564055  
349 2-1 109.42542 5123.471887118601 -58.68305860638005 82.79616584960671 0.07043075468238291 5.99059785651183  
350 2-1 108.99834 4968.832532209887 -61.7304720133122 81.99673994408813 0.07593811084873549 5.808428859344079  
351 2-1 105.92713 4373.511497815349 -57.304747446406466 78.34337349380978 0.06302080955852779 6.07533622986585  
352 2-1 110.52745 4469.985938262333 -60.52575735507309 80.04859385227903 0.05856159783718768 6.113304732741822  
353 2-1 102.64842 5066.568681049059 -57.40920217521989 80.72360000873282 0.09113188632248506 5.701826750588152  
354 2-1 103.0542 5013.773292859945 -57.1820525984505 80.66746217850927 0.08785021143827243 5.7261826054813225  
355 2-1 118.08323 5453.442101727509 -66.57186538299446 86.90950727534805 0.06899215577665785 5.822777576382285  
356 2-1 111.19073 4559.198274020681 -59.849559388490846 80.63311181644434 0.057493941495733426 6.109836804771894  
357 2-1 110.99725 4104.570018032852 -60.99319189874107 78.39905970820314 0.05346034902783007 6.063425352938773  
358 2-1 113.67753 5223.530748726045 -64.37932632031583 84.45890815461075 0.07273580506723826 5.798554294939071  
359 2-1 114.35513 5047.454531615139 -64.42268916208153 83.94749320864284 0.0675834910997177 5.874433345295748  
360 2-1 103.26376 4664.9918938175715 -57.49776756392495 78.91904326500246 0.07804017166265004 5.876900655826527  
361 2-1 100.60714 4448.6498938115055 -54.557535514207814 77.22941378772923 0.07580118030745518 5.911549782306073  
362 2-1 97.56167 4624.021946285082 -54.53788599182799 76.92872062883049 0.09206430776188601 5.672100959482681  
363 2-1 99.91297 4071.865972432973 -52.41659702750206 74.93127193188796 0.06303029128610045 6.131789568625075  
364 2-1 111.80027 4994.286107773617 -61.3920614564083 83.02239164570665 0.06619087458233636 6.052557782812691  
365 2-1 118.69172 4972.104189224913 -65.39976519565982 84.92669934459543 0.05697021974917338 6.0684204512298034  
366 2-1 105.15546 3826.171186138668 -58.61968365908303 75.40416667760488 0.059346698529837864 5.890689466128138  
367 2-1 92.0555 4602.883235277385 -47.880519995550664 76.17062835378282 0.10316697781733496 5.669980729006711  
368 2-1 112.14672 4465.756335604651 -60.781087739236 80.38957927099412 0.05561965844099293 6.062548115607759  
369 2-1 113.56775 4753.646776886832 -62.17829259236026 82.25053759630435 0.05889317619127343 6.090038563482739  
370 2-1 113.4196 4756.426217086195 -60.92522469927035 82.24235032204592 0.0573941503212637 6.122253942333132  
371 2-1 114.43581 4974.337736879595 -62.60601235522725 83.85287177098294 0.062104395992419396 6.053204896610236  
372 2-1 100.80074 3901.9269151018198 -54.1358182853916 74.28035421010638 0.06138828820291503 6.056226926552399  
373 2-1 103.6778 3828.328069431768 -56.37954866625927 74.74949290355285 0.05701108911327283 6.0604706447062835  
374 2-1 108.38454 4644.7583587718755 -61.159195621000606 80.10986987851452 0.06954159686279016 5.8408353067846015  
375 2-1 120.59358 4691.123853252836 -65.97345517229928 84.3894796280119 0.0505864223105838 6.128884076699179  
376 2-1 116.87814 4865.263843546199 -64.48364689845683 83.98823731820634 0.05844122185692568 6.04608275679581  
377 2-1 109.90496 5470.043859642592 -60.685322370482545 84.49801697582882 0.0804512800003237 5.853906283193745  
378 2-1 112.43293 4422.425653626479 -62.44885341218591 80.4164904738143 0.057836762031164675 6.008079215118524  
379 2-1 111.02548 4447.008356850733 -61.26910163788757 79.78436796121377 0.05817623709067635 6.027225520702789  
380 2-1 110.91343 4173.774454884415 -61.278675453804425 78.73014922629771 0.055408080856334405 5.985748789986322  
381 2-1 90.1905 3702.355318182947 -45.46539448181538 70.77470686014254 0.07508761896526198 5.8546105713562095  
382 2-1 93.56512 3636.8640479117976 -47.751012397760555 71.2128326357109 0.06516224944625233 6.021483694983274  
383 2-1 107.55841 4449.998302449325 -58.066741848958344 78.91177086789878 0.06131545870302214 6.046248890526311  
384 2-1 113.07266 5792.292063177959 -63.39943641906626 87.17423584297096 0.08294060997156394 5.832828548347041  
385 2-1 102.84626 4615.32699699971 -57.639283470205974 78.35097607030309 0.07922020796245802 5.761023062778641  
386 2-1 111.63771 4353.667429346795 -62.03025024234439 79.8101075210543 0.057882422061701924 5.98718947985676  
387 2-1 97.7173 4320.975641302678 -51.81649163130816 75.94300702039851 0.07713263850028311 5.941384435832113  
388 2-1 109.34772 4035.597921299491 -58.932253775194624 77.20231152012245 0.05144781592359409 6.0932440635437874  
389 2-1 106.03613 3992.661006789474 -57.10211557611769 76.09450742859491 0.05488910619302469 6.1033170522902775  
390 2-1 102.98886 3806.279206077361 -54.53701246850389 74.53903602537962 0.05517086900211357 6.095643223295713  
391 2-1 106.56923 4644.728823397703 -56.671660099377334 79.66179976793077 0.06448520741798051 6.103248478403894  
392 2-1 109.89642 4170.984378764603 -58.013823413699974 78.23655435792084 0.050766580781430475 6.208126285709251  
393 2-1 105.49591 4386.5867023106875 -56.35213153666479 78.43794099935803 0.06338474185006421 6.036851668820897  
394 2-1 96.78701 4129.850650079589 -53.79864297258807 74.14522356053959 0.07889324238908729 5.819427374293891  
395 2-1 110.70228 4307.054517029283 -60.072167489136 79.24186137317527 0.05542950254291483 6.0682806232981354  
396 2-1 113.96018 4320.042906723174 -62.45920650692952 80.33690531679804 0.052368933632518044 6.111066326537734  
397 2-1 112.91716 4234.320160259387 -60.97441908185344 79.4021461442891 0.05059519246493726 6.126129654493238  
398 2-1 96.16367 3585.7361757916756 -50.64069616919036 70.51281027775875 0.057695836444996866 6.115212957455734  
399 2-1 94.6401 3170.248590385189 -51.33245641907823 68.08544519839468 0.056932147383763496 5.9517304536717806  
400 2-1 92.31678 3518.7636674666087 -50.59164783385826 69.4761185947788 0.07194335243058693 5.736134157955688  
401 2-1 101.83536 3601.999539116705 -53.51140266732441 72.87025572088294 0.051255492149317704 6.163215804331889  
402 2-1 104.8878 3898.75740037647 -56.79723900071803 75.43706761524581 0.05658387891242776 5.988110010153466  
403 2-1 103.31835 4185.722464867878 -55.36300744876336 76.51886254317762 0.06272907362007941 6.0403101467435025  
404 2-1 106.41805 4587.44352778993 -59.624317923833715 79.17322512067773 0.06998680531088394 5.924599017414207  
405 2-1 112.5402 4992.487237014453 -60.54433408770023 83.15527293513719 0.06255367301772108 6.097665001363577  
406 2-1 111.60322 4701.495237975414 -59.58004553009008 81.4135313216559 0.05815892752015053 6.140309205958829  
407 2-1 120.41494 5049.131156892989 -67.26329726154154 86.06533337616895 0.05889100246561095 5.925441030082588  
408 2-1 119.9705 5130.793016156892 -66.40672924521243 86.08296893217913 0.05899515246699846 5.959925114575114  
409 2-1 100.40859 3512.628382556586 -53.58867251997207 71.90089171734891 0.05323193452385909 6.11531905041051  
410 2-1 96.93048 4034.429108603212 -53.73869825920545 73.76434076173719 0.07609472215688691 5.80890530794257  
411 2-1 89.57868 4046.2106338460635 -47.08863075116554 72.10619355601457 0.09117592984195919 5.765000466612856  
412 2-1 97.05645 3755.7792166222507 -54.71053893147805 72.08122889656815 0.07115210140958984 5.768411335184203  
413 2-1 100.50961 3317.6154952702514 -53.28265228720335 70.63532725727684 0.04855118993770714 6.131680181712316  
414 2-1 121.59264 5019.689514267278 -67.29759049169402 86.0772119520085 0.055403877318930386 6.012702522970588  
415 2-1 116.82775 5720.464156845361 -66.90398549094176 87.62646446459294 0.07718484444819076 5.753023811870495  
416 2-1 107.74448 4838.8325727083375 -60.04707873958786 80.96086750893883 0.07243086573438066 5.905070468572172  
417 2-1 95.36959 4311.123412313081 -49.90055576852584 75.29502601824554 0.08169213986451222 5.918216095000073  
418 2-1 108.64707 5164.5533045639395 -56.85829701788419 83.20368524719922 0.07028709514836175 6.108793852901234  
419 2-1 110.99889 4997.543887111066 -58.32696322510031 83.02863831304931 0.06303221497144167 6.181358753406214  
420 2-1 107.4027 4725.932433842414 -60.80050541051253 80.39108330251939 0.07382270342983642 5.799270841662044  
421 2-1 109.7465 4994.786066554317 -61.59154786437629 82.4600593962787 0.07378699766203269 5.851769660413798  
422 2-1 106.33503 4642.150011350102 -59.32130796925082 79.93491859111143 0.0724286267620567 5.891863002720788  
423 2-1 109.08144 5059.022740662887 -61.837355434715484 82.58247455580646 0.07739539583674483 5.852246176035702  
424 2-1 124.8908 5321.000716633369 -69.61092256791817 88.72778874206301 0.05617814906548302 6.078302723660629  
425 2-1 114.77018 5468.485501566211 -64.30804652276939 86.12419022380926 0.07313464571967938 5.904769687281578  
426 2-1 99.45019 4216.656800715968 -55.223467191363646 76.06471816928023 0.07729060587556405 5.812504282014583  
427 2-1 102.01687 4484.055239923086 -59.60642469560268 77.5872496961681 0.08569934891003134 5.544935987031488  
428 2-1 112.25685 5408.713818590663 -62.625962476897655 85.22687002444607 0.0761541499201333 5.914045029377204  
429 2-1 109.37641 5561.043876817587 -59.8263591519701 84.94822551993279 0.08251623403418087 5.861958747757147  
430 2-1 107.54273 5283.894605557769 -59.42377671005302 83.30163502919004 0.0824175977919091 5.857050161577732  
431 2-1 106.6753 5329.2778706174295 -58.89691533248846 83.02422539252821 0.08469987036423075 5.834879006749067  
432 2-1 104.14408 4483.7563631187195 -57.69752136842547 78.43612397718913 0.07230826024115287 5.890183343102906  
433 2-1 113.77174 5495.538690146888 -65.39448816315335 85.90179899142976 0.07963541068809243 5.728563280366963  
434 2-1 114.77025 5472.406753378366 -65.5892255973623 86.17803519860479 0.07601130665619105 5.828222773803489  
435 2-1 106.56979 4602.7633845016735 -58.28126174146062 79.62883685815235 0.06810349449723165 5.963847413847419  
436 2-1 105.87149 4963.374134618204 -58.06559597575588 81.15388899273294 0.07804626108855289 5.841447153636973  
437 2-1 99.34084 3784.1809494362724 -53.032405532168795 73.66805914915878 0.06192116775598463 6.039464804174463  
438 2-1 101.95214 3803.3464131490723 -53.68328733591174 74.5400726293477 0.05658936453325634 6.138451391790887  
439 2-1 117.0381 5177.53480286957 -63.57625946881345 85.41701292021345 0.06039756229644655 6.100323262839662  
440 2-1 114.66918 5463.436061818901 -61.86091611616502 85.90517486946517 0.06747447764011996 6.040031982379493  
441 2-1 115.00611 5550.736104000401 -65.69696296453576 86.56794501454296 0.07692862169055077 5.823450339669521  
442 2-1 113.80204 5497.7693323789845 -64.91171420914668 85.93762669395669 0.07837887940237621 5.765849303913993  
443 2-1 110.11469 5357.067402823438 -62.736514161890156 84.2451390085346 0.08217480078073161 5.814025276048948  
444 2-1 111.38036 5190.9517155913345 -63.08327733564783 84.01332722181117 0.07604885996572891 5.858020696883805  
445 2-1 113.07513 4465.752008342248 -63.25051825885397 80.93484186375491 0.059345561217917266 5.910679993961324  
446 2-1 109.25188 4927.935578579053 -62.036591702262825 81.91458285977632 0.07467853428038398 5.823329350464251  
447 2-1 113.50184 5634.636240938472 -64.37090410445938 86.32706394172433 0.0793836898056575 5.860910072327164  
448 2-1 114.05916 5701.027803293614 -64.46002501980594 86.9385502948745 0.08016747888122279 5.820107241311198  
449 2-1 101.75398 4268.838520450681 -56.808169562813845 76.45531116020983 0.07238513517986224 5.864982704099308  
450 2-1 106.32154 4548.285011022258 -58.55564886947846 79.33962121454283 0.0679374998690449 5.983309608595679  
451 2-1 111.37553 4904.23714733863 -60.91463509703019 82.3249452929987 0.06473783320676414 6.038448275627753  
452 2-1 112.70402 4826.92443740073 -61.28572068878171 82.49331617070999 0.060602841986457705 6.111991241582166  
453 2-1 122.83104 6170.489293700999 -70.9607092068651 91.6132917782326 0.07594218194380552 5.801714009933898  
454 2-1 105.42137 4547.256158389619 -57.0294534527133 78.7341298478896 0.06756854113296282 5.936644386945545  
455 2-1 100.03355 4034.9060800320603 -53.0437910519859 75.20180559957524 0.06499730062203485 6.077847893256763  
456 2-1 103.50468 4455.639546472995 -59.403144186965676 77.69034873524369 0.07686922759290744 5.746462043366502  
457 2-1 102.75731 4214.596357003026 -59.19325204259151 76.28316541197853 0.07418455328959339 5.694970677400986  
458 2-1 109.51984 5001.979055339621 -61.09562057695649 82.8130747391291 0.07402119876235447 5.935271989338032  
459 2-1 107.16311 4902.106196051123 -59.11193297711164 81.60234231738079 0.07530087976359481 5.905633403656039  
460 2-1 107.13844 4917.280014560163 -61.25622451278676 81.19829647040308 0.07930901944583842 5.791245893688473  
461 2-1 106.97274 4776.474378583779 -61.06456512900883 80.62208164749005 0.07718710924641933 5.785381702264801  
462 2-1 122.1847 5789.177713651836 -67.73843083252594 89.43107362289042 0.06570711877259527 5.9365927869135175  
463 2-1 121.57566 6126.401616377475 -67.36234206858326 91.00462773190117 0.07179270303804938 5.90534084875892  
464 2-1 80.73425 3048.1991691861585 -44.47234568863787 63.16042088076656 0.08656224410653497 5.592736028870965  
465 2-1 107.46946 4680.051131669384 -58.30232108818836 80.48828370238923 0.06721255285271681 6.018087028506333  
466 2-1 109.81367 5011.113263139432 -59.07213626017312 83.0724941995275 0.0695175791260553 6.002577990145283  
467 2-1 102.23739 4344.270563697849 -57.44789601863804 77.26158828877732 0.07535529181370393 5.832223627857727  
468 2-1 103.7734 3804.7730128086837 -56.851986197135126 75.1368155749607 0.059095239302964134 5.9808092514586475  
469 2-1 113.79149 5554.855775512937 -63.24856504835301 86.20764876508834 0.07538435023626693 5.901063395127462  
470 2-1 107.9178 5186.40752747668 -59.50319893457506 82.66315558758404 0.07795352465259506 5.906905823058061  
471 2-1 103.53114 4653.370621317855 -56.18942731973279 79.06871426151577 0.0741248931006413 5.9675301771640825  
472 2-1 102.98878 5131.7652679032035 -54.37271404310047 81.31549806253014 0.08394612280774275 5.920170638754194  
473 2-1 102.93767 4382.66264593397 -56.0086203595738 77.60521356164325 0.06951893544454778 6.001443436538891  
474 2-1 123.83645 5979.596481961453 -69.37868677745132 91.07034885609139 0.06730709146273246 5.943844147730511  
475 2-1 118.70169 6005.675868679712 -63.07201771475943 89.78674739171124 0.06899587324422359 6.061752514419771  
476 2-1 114.40347 4906.2461101699555 -61.471198146646906 83.36497101734015 0.058846259237602054 6.092103695003636  
477 2-1 107.87592 5076.952954833557 -60.52367047970948 82.29877606374944 0.07867174804236553 5.845964020896986  
478 2-1 107.12364 5056.089045772601 -59.87296821789085 82.00488804188628 0.08005493381170548 5.78414272080942  
479 2-1 98.78592 4277.913309063507 -52.563870718659814 76.11887586166901 0.0733674832753528 6.014153825733789  
480 2-1 101.43934 4153.82791302812 -53.27453478144001 76.36073176005354 0.06444153749591909 6.100787216986686  
481 2-1 103.17503 3764.6658256613273 -56.384965580020115 74.37183396205413 0.05771510603358314 5.973205735212071  
482 2-1 105.88297 4092.3866093220745 -56.71093244658006 76.7818597120937 0.0566857728651906 6.0914094200999696  
483 2-1 86.48972 2879.979017456873 -50.38120782237472 63.62447333962402 0.07501089163128574 5.416704326142503  
484 2-1 98.5771 4133.373688360213 -56.38968246045871 74.43909446245648 0.0802573475817718 5.613262571765518  
485 2-1 101.53508 4554.954168646742 -55.603875493773074 77.75248232602563 0.07632951040899283 5.92708204421689  
486 2-1 103.74743 4494.787694542331 -58.87886147480758 78.1494388460604 0.07605881010279944 5.794892966029607  
487 2-1 107.20107 5025.392154423925 -59.38308367625646 81.75270013651344 0.07713613735646635 5.871124048292006  
488 2-1 108.88856 5213.5959744792135 -58.23552511912351 83.36884654810143 0.07314701032604316 6.031434888010949  
489 2-1 117.03771 5216.485731753943 -65.45516496380532 85.70817268054861 0.06529312870367686 5.9387517864322135  
490 2-1 120.83614 5289.490912925652 -67.85909152824053 87.15007596015819 0.06120099106590622 6.003665501528724  
491 2-1 123.62401 6015.803793546648 -70.09276972732489 91.10261138433506 0.0696773504687317 5.865709053281106  
492 2-1 122.96167 5494.260906263506 -68.14742904919885 88.67690872077156 0.06009905356771062 6.010211162450371  
493 2-1 117.19663 5365.8134633496 -63.7178945933091 86.22001112257158 0.06299367010920397 6.074742115371923  
494 2-1 112.12585 4346.000835458777 -62.15091509978838 80.07154048211197 0.057219726121054686 5.983105829126155  
495 2-1 107.50773 4003.9656778877034 -59.70984710165602 76.77702323323236 0.05812838163449967 5.892662523397561  
496 2-1 113.05345 4448.440818620464 -61.71383851569386 80.63632471207953 0.055401050140642144 6.0354982793161644  
497 2-1 110.17489 4548.299788056951 -58.692007021518755 80.3289182558131 0.05770768851532405 6.136166880594228  
498 2-1 103.18642 4710.087728860352 -53.76440531268535 79.49360511941434 0.07252797184881266 5.957973135771911  
499 2-1 105.8526 4513.132151735655 -58.35031321621832 78.94466459197909 0.06880406917809984 5.914523359418547  
500 2-1 118.72657 5303.881275413752 -65.29749316000917 86.48521177065852 0.06136834123769668 6.045814302892984  
501 2-1 114.14471 5883.16966579359 -63.81769546409657 87.60693618587885 0.08122686026363579 5.845820915842759  
502 2-1 118.23776 4991.448728123781 -66.85375703894546 85.08327448159984 0.06178851638647466 5.897341405537202  
503 2-1 94.5668 4126.003153104743 -51.84802613955961 73.5361227444957 0.0832950440207924 5.74460308198374  
504 2-1 102.16545 3825.072869983802 -56.35347597038717 73.85441014604858 0.060093882233568305 5.953014523983395  
505 2-1 90.46022 3055.9844476820176 -49.63059278638605 67.02386771863037 0.06574308029761519 5.776067973023716  
506 2-1 92.19099 2933.6816795900886 -50.19982506331195 66.72608163865452 0.0588323850945626 5.848352270084311  
507 2-1 107.28955 4284.252412266907 -58.49818141624991 78.2441466690453 0.05954255784101703 6.111334753526207  
508 2-1 106.59139 4386.065023961949 -57.10765016198492 78.6246600305474 0.060852616268964196 6.137793002522249  
509 2-1 98.49107 4223.033161627718 -53.448457907755134 75.41679139688536 0.0752845499495495 5.897139326537106  
510 2-1 101.13817 4366.758250437994 -54.818192567022805 77.01548583510203 0.07256524120917697 5.9641900327212545  
511 2-1 97.6468 4254.875280965153 -52.902913314598976 75.3601599149756 0.07789477740357938 5.88263668593469  
512 2-1 93.58207 3893.6813375888623 -52.192119123812446 71.7151713443866 0.08093963740708035 5.669952222437996  
513 2-1 99.10118 4437.905613759702 -54.4263497470185 76.64864190501712 0.08031527634807752 5.869425374586809  
514 2-1 108.47893 4771.240897920374 -57.43833929926444 80.96194114263386 0.06372013355625365 6.073419643374151  
515 2-1 119.74787 5881.284173681866 -64.50598923099848 89.259407578964 0.06575080051510877 6.101239200676667  
516 2-1 117.07276 5941.690364044507 -63.143629006476864 88.51221533952344 0.07094347450392935 6.0396596940822596  
517 2-1 94.02299 3464.199186231629 -53.287171323736395 69.5236037782513 0.07093515397857705 5.649708278658767  
518 2-1 100.06364 3757.3389273784637 -53.668392707870666 73.16039062972177 0.059261963286597046 6.015383477301685  
519 2-1 105.14304 3697.987404223856 -56.87392927674572 74.4243883923377 0.052419112495626155 6.036620619630898  
520 2-1 107.34005 3805.59215927686 -57.7036466918788 75.67088416747559 0.050975951158010534 6.042675760960643  
521 2-1 88.45356 3165.1447997212017 -46.26408473307112 66.59846909106766 0.06498391302414235 5.93107217165963  
522 2-1 95.74385 3431.81259494334 -51.766138944393596 70.17363437883623 0.060739712592681704 5.974884550639603  
523 2-1 100.45141 3612.5256935564475 -55.6999846728901 72.40782547510491 0.05985918870960172 5.904286337164915  
524 2-1 102.31773 3833.9810639358275 -55.01695816688755 73.91751557139327 0.0572545361203773 6.026620366573007  
525 2-1 99.79655 3370.4633239255477 -52.22993211598516 70.7613415306344 0.049750638926924294 6.084357555113828  
526 2-1 111.83166 4035.5553860109944 -59.5518041227534 77.92126490434629 0.04783703360527294 6.135349269911858  
527 2-1 111.88172 5330.245494505396 -62.74239025422753 84.41353926048102 0.07556376243249738 5.849550882258037  
528 2-1 118.09334 4757.000708817803 -66.15803059788696 83.9037353802 0.05755488806170544 5.9432152158477125  
529 2-1 98.52973 3476.3957496261637 -54.393106931481526 71.16933639802723 0.05967493742769148 5.901559645790264  
530 2-1 98.26514 3885.13269926886 -53.68302529627919 73.41452818390466 0.06809231856578549 5.872751705687846  
531 2-1 101.54338 3662.410949871723 -54.57205520590586 73.23159535907295 0.05605502607226762 6.019889760784307  
532 2-1 102.50995 3958.759330504973 -55.11171163437238 74.73588655484163 0.05909863732145746 6.015769244534898  
533 2-1 111.32611 4392.9178167890295 -60.14951668114174 79.87980985964542 0.0546470966934458 6.159330237038729  
534 2-1 93.22709 3198.238018336707 -50.33164742435997 68.04037376148251 0.06006728986399264 5.918824777764967  
535 2-1 95.85744 3243.417965115875 -51.1399139396482 68.97682036413373 0.05535319070452491 5.952828855762207  
536 2-1 105.97527 4289.104129719635 -58.25707703293175 77.78256413236177 0.06319681717769234 5.9805487390112715  
537 2-1 112.72628 4672.540402021601 -63.29187002652599 81.79711798977614 0.06345942169257585 5.898231671987302  
538 2-1 98.1448 3942.8319038241452 -53.73294437957034 73.58159532482894 0.06974838342250847 5.862748807964898  
539 2-1 97.91329 3783.333628370302 -51.708452391394154 72.647676437133 0.06141649537495455 6.0588144726453494  
540 2-1 130.02207 5715.540745551619 -73.39336176933563 92.00759773116273 0.05876328077235337 5.879663978622917  
541 2-1 127.09394 5710.56939147254 -71.64915039888331 91.10583671984774 0.06127198043822104 5.905526744683645  
542 2-1 98.36628 3879.6457133105964 -55.63333503752668 73.19888732834943 0.07197599497549448 5.771376437442413  
543 2-1 94.71383 3185.2449421091687 -51.65953740826099 68.39658963151902 0.058527882247127856 5.869134998960247  
544 2-1 94.83311 3420.336973023733 -50.23123322599768 69.83192992247191 0.06048524166826648 5.923554914349955  
545 2-1 105.40395 4875.1436583237055 -60.23316542757802 80.24860846515465 0.08169992524114875 5.7116035588706096  
546 2-1 89.53514 3292.873686672013 -52.3824371110519 67.05508002317602 0.08102174547100616 5.4298390805547525  
547 2-1 86.49865 2914.516393107945 -48.088662142273776 64.33559962948807 0.0693017336702177 5.73979173028539  
548 2-1 108.49608 5112.173224718051 -57.78700489999626 82.73762588053248 0.07145493561495302 6.00834996307307  
549 2-1 118.85988 5233.395324790993 -64.54865307088545 86.20580778814107 0.05859596299075459 6.128545182998409  
550 2-1 103.09479 3565.9637433075773 -55.719051485458536 73.63799848310015 0.05447030943764667 6.039823634146706  
551 2-1 102.08822 3770.896282554944 -55.381004486882375 74.58085805427805 0.0605506610500187 5.966494615602436  
552 2-1 115.85026 4734.386367494596 -64.36799940971186 83.08072830762842 0.058011237608902574 6.053233857147173  
553 2-1 112.355 4579.573394368708 -60.306525698009466 81.23004981263497 0.05604210172223588 6.15941498448101  
554 2-1 108.86 4697.899874599685 -60.03224556402086 80.80998485202429 0.06719774759802967 5.9617703485509015  
555 2-1 110.40609 4724.813918042239 -61.50382209969185 81.66431431146749 0.06657348327788605 5.994063859623301  
556 2-1 110.54191 4743.624515103344 -61.47705857389814 81.80973408930849 0.06648663233221702 6.00489086573508  
557 2-1 109.35164 4976.857377085076 -60.880387455404694 82.26813564154024 0.07276551919645213 5.899975146672128  
558 2-1 90.21858 4107.312346755402 -47.93745513695442 72.5932662801405 0.09299851373365561 5.717123970143689  
559 2-1 115.6841 5360.225714379189 -65.67693657584587 85.82936941984958 0.07075730450626361 5.926727796161143  
560 2-1 101.27227 3504.071358294486 -53.142407139242565 72.44248983971588 0.051246856190432115 6.148546574899789  
561 2-1 112.52605 5768.502381805934 -62.89930813305917 86.79172011549507 0.0831842151511336 5.820635568017138  
562 2-1 113.00376 5663.119419942341 -63.93932075906193 86.47173807917635 0.08186322614598374 5.7992609768564  
563 2-1 94.09971 3460.553475124531 -55.37379939092177 69.53409253797432 0.078596269897108 5.36580624472812  
564 2-1 110.25347 4844.061948098862 -62.43570625187224 81.7834624550198 0.07148818082273253 5.803309289341296  
565 2-1 103.22764 4299.376813938849 -58.21999494064381 77.22444076113828 0.07261638198616659 5.82103908441383  
566 2-1 108.60401 4855.604516759763 -61.545560837654534 81.27005993917078 0.07389385079498485 5.842193029743014  
567 2-1 105.33717 4954.873913183296 -59.17313256638235 80.87396391135225 0.08178153824937275 5.789196895299503  
568 2-1 114.0395 5965.832297512943 -64.70675098951524 87.9053657988953 0.08604943870005304 5.736737416882272  
569 2-1 124.38695 5697.810072932578 -70.79542163474804 90.04780234274304 0.06520945121862037 5.868447713727921  
570 2-1 100.52944 3967.9552707775642 -56.81853780742436 74.59317923584322 0.0700153027758349 5.837054972601196  
571 2-1 95.59713 3851.9618558050997 -53.165528924460205 72.36079807026579 0.07479788081294395 5.807430162074786  
572 2-1 111.76477 4499.275674675979 -62.094012034249864 80.88208116654292 0.06039019682484352 5.980270539727257  
573 2-1 107.67261 4679.80748777365 -61.4291975509302 80.30138047704709 0.07385989930890677 5.7543085443637825  
574 2-1 93.87329 3842.2158031473978 -51.796778725397715 71.74336821262513 0.07748130841684316 5.750717625696066  
575 2-1 98.82849 3810.2459383780556 -57.563631643960285 72.93180517787536 0.07529652628364565 5.560201143598442  
576 2-1 95.3939 3614.8106045990153 -54.72803477322397 71.46941356567032 0.076733473633909 5.564748393974446  
577 2-1 96.44753 3239.5318991812014 -55.1019733203955 69.7206834226585 0.06621109458303386 5.588640518068786  
578 2-1 99.96535 4321.745129018794 -55.202678442776985 76.1643228638857 0.07584929900352871 5.889384648379861  
579 2-1 105.22509 4046.4449090565163 -59.701669866820204 76.26822465678164 0.06497788379795712 5.791331130833962  
580 2-1 108.58035 4236.475126409482 -59.51192358204275 78.33750717579798 0.05880915722365189 5.957704517502769  
581 2-1 103.34439 4707.522038981527 -56.09419713902608 79.3781473893924 0.07616263548076893 5.944466099953754  
582 2-1 128.90456 5915.9643952881115 -70.89714613803744 92.28174808644656 0.05672896330012866 6.150797842637921  
583 2-1 119.52459 5215.174323178276 -66.69030327148141 86.3787828657712 0.060211698050520915 6.083660199252586  
584 2-1 113.12136 5389.085089939435 -62.66132422708797 85.25804320138108 0.07247494844014139 5.990911652098807  
585 2-1 104.04382 4793.165317891688 -58.950290363952384 79.550561251882 0.08199763439444002 5.730317402524589  
586 2-1 114.35629 4756.062328052329 -61.588071419795696 82.36943999874076 0.05552582203501907 6.169796315591655  
587 2-1 106.97489 4913.595784902337 -59.15412919748433 81.06410103586718 0.07460731560212 5.9000024432976526  
588 2-1 97.35594 3721.34303532983 -52.40384083657378 72.50972974040087 0.06483728461540098 5.958439986151206  
589 2-1 89.6318 3601.3032402515455 -47.815732800093876 69.73159012147264 0.07838031586104167 5.808439501148079  
590 2-1 94.75695 3852.0244210454407 -51.43215248543192 72.67043632456641 0.07516656635001914 5.837591196090092  
591 2-1 94.27784 3496.9248058029525 -54.98253281319125 69.8576587387817 0.07646604684804716 5.488141461567691  
592 2-1 116.75642 4590.129494114446 -66.09131079595673 82.87168233668734 0.05871330772700861 5.857460216581557  
593 2-1 111.63633 4586.560044169615 -61.49317982586881 80.79992170639775 0.06008951738499969 5.999201101383605  
594 2-1 109.52615 5305.415110146309 -60.84922750852856 83.72486327001155 0.07870037350112254 5.864943378645727  
595 2-1 93.19121 3162.181765191311 -54.40005086481483 67.5650146741042 0.07120709684831786 5.429665079378805  
596 2-1 116.97338 4930.84370296771 -64.18573425410014 84.19685008425897 0.05739221394117751 6.116636236576529  
597 2-1 117.75244 5304.0760777321075 -64.56407195701739 86.36400613633086 0.06312407802419806 6.007838011944782  
598 2-1 118.66887 5353.470325979756 -64.8293557321533 86.57166200331848 0.06121787882953769 6.058896408245746  
599 2-1 123.2825 5806.1023506659385 -68.33894645870706 89.86772345043558 0.06439316770778895 5.928569580394909  
600 2-1 119.89674 5693.16729608336 -66.25896984236381 88.48882135686577 0.06613334976581907 6.002325016468455  
601 2-1 104.74201 4726.338235552638 -56.081860005906776 80.17327089055065 0.07277996662466836 5.980313532716704  
602 2-1 107.7088 4519.133331869716 -57.66713892012682 79.94218943472315 0.06276367600551735 6.072829997168499  
603 2-1 114.66184 4309.2137850887475 -61.2483066019879 80.61087815369068 0.04961864255928265 6.143748544707544  
604 2-1 111.10078 4329.138786695556 -58.74431176535382 79.67050088277152 0.05236866475702178 6.215415768492826  
605 2-1 113.11266 5447.336347819164 -63.19270422866673 85.50913221156283 0.07526361838608576 5.894760990006729  
606 2-1 111.11596 5155.719094362716 -62.065562976238624 83.66225394127551 0.0733166186077929 5.921945308173209  
607 2-1 109.12687 5269.441991412388 -60.5813607945438 83.38792904685072 0.07833779726179317 5.874200673053682  
608 2-1 110.88204 5288.371461593948 -61.6823316691585 84.04460057344328 0.07595649944450612 5.878506289318065  
609 2-1 113.35158 5898.732555695568 -64.6660811367907 87.4315680935315 0.0870668551279724 5.7138905808581  
610 2-1 116.8467 5820.266456925587 -65.78947714005031 88.0923464682657 0.07600087554153645 5.863289490629933  
611 2-1 108.82188 5761.033080702357 -61.83860600555714 85.45242114922328 0.09441861954341775 5.625627158349015  
612 2-1 113.92307 5557.085172411949 -65.73568781426104 86.05704518033265 0.08124224789692283 5.682556294986518  
613 2-1 111.69623 5264.9869956379425 -61.37431269297285 84.26727935198137 0.07207846472015013 5.958938135156081  
614 2-1 108.59599 5239.757821455243 -60.13549020935163 83.19589211515907 0.07871695586598282 5.884554403127585  
615 2-1 110.83999 5033.243397555401 -62.07981685462681 82.79881429082944 0.07127866741730739 5.897258253052737  
616 2-1 116.60691 4974.46675815149 -63.958299459076244 84.45313672713426 0.059890588264129546 5.9920543206877985  
617 2-1 101.28845 3466.8218706145935 -58.81192824984168 72.09049852441566 0.06661839311929209 5.432996644568317  
618 2-1 107.2366 4173.183170165942 -56.18814987922415 77.6185214344163 0.053810806828703435 6.1952689005745  
619 2-1 103.65115 4437.634485815067 -54.20433875560161 78.0833292848995 0.06484108834261737 6.102148719194532  
620 2-1 96.0358 3348.334700300035 -53.87554400957821 69.70097677838476 0.06341685007736138 5.7939194482917316  
621 2-1 94.48218 4129.74235170281 -52.00478441557685 73.57163568546434 0.08432558976498755 5.736074360954191  
622 2-1 93.81387 3568.4989009220985 -51.280531663939826 70.35998899672323 0.0693144578913808 5.860798842060251  
623 2-1 119.96967 5336.272727055414 -65.62073183038248 87.28155326214197 0.06017505345027316 6.05898234759825  
624 2-1 116.85761 5448.219711670306 -68.28141458004391 86.67360716098467 0.07592957645942902 5.674457996304584  
625 2-1 103.62267 4900.370450470401 -56.59237179388925 80.30139522946227 0.08063883661222168 5.876636333815926  
626 2-1 109.79453 4987.721118995675 -60.07929828786216 82.59186556102463 0.06986876884282173 6.011141728432559  
627 2-1 108.61791 4756.1842105861115 -59.33816653822301 81.61001782193291 0.06869395062253802 5.984666660974311  
628 2-1 109.29007 4860.918456060012 -59.9882616643761 82.12852840295434 0.0695734448700662 6.0034622266348645  
629 2-1 102.11524 4142.956271485546 -53.77235913351073 76.22894197239566 0.06203347178636097 6.127519224915574  
630 2-1 111.64509 4972.346020476459 -60.471177079309435 83.25744145725213 0.06540662071016697 6.093327063849282  
631 2-1 104.48456 4200.506199738492 -58.542616213172344 77.11155828333041 0.06712908017466088 5.890093682633069  
632 2-1 111.05663 4309.926412308241 -61.3263516934239 79.87719148303718 0.05800683398616354 6.021591821674257  
633 2-1 98.82276 4046.0540536789795 -53.97852059032779 74.77690293953249 0.07173147701776458 5.876738582950226  
634 2-1 96.23592 4302.7863064969015 -54.04900470616487 75.25264743847086 0.08878495558459876 5.628055194316712  
635 2-1 110.19717 4861.035488366542 -61.02104807329059 82.09943708570259 0.06833091058638817 5.967003714031004  
636 2-1 96.27496 3863.0744876978074 -53.91984455325766 72.43902687119403 0.0732746317886164 5.837834973606017  
637 2-1 115.41382 6169.100786305638 -60.37382077766006 89.70823403425631 0.07610622330382978 6.087633702162536  
638 2-1 100.08018 4120.1644258356955 -57.651395658500604 75.24013464523004 0.07842214922662732 5.645195874860038  
639 2-1 114.61525 4752.181087614586 -66.93265150831344 82.95879950284846 0.0689735021502299 5.6167005597665005  
640 2-1 109.6607 5675.4371125492535 -64.28299764216597 85.10792713806869 0.09496224253808894 5.521939078974215  
641 2-1 103.06998 4465.053668396463 -56.492496479337284 78.14227484893107 0.07238331170201412 5.952347310092756  
642 2-1 108.00283 4793.759697772623 -58.98449946847231 81.21694889078623 0.06952231816213703 5.999572092807054  
643 2-1 96.47753 3965.2531435053147 -53.491016126813506 73.60979667494648 0.07679373547251352 5.789263136097724  
644 2-1 100.29629 4410.437528950515 -55.87160461269516 77.12273583532475 0.07997534158987411 5.808931128715132  
645 2-1 112.36716 4942.033158088781 -64.65256926298807 83.00511548329594 0.07232426674363034 5.731342090610985  
646 2-1 117.38233 5296.051644274075 -67.95289175537364 86.37279132342253 0.0714440945824019 5.743543318394954  
647 2-1 108.3854 4338.717210906439 -59.35647358174996 79.22204574814286 0.060831367411649184 6.063912379296903  
648 2-1 105.26822 4542.239148677507 -57.334360981601804 79.30466122714695 0.06913738547947963 6.026857118406833  
649 2-1 100.86692 4763.494240918701 -58.26129304549493 78.29171192646574 0.09191099924912283 5.516146091121918  
650 2-1 104.47581 4393.660704857287 -60.090604369915845 77.84816030608086 0.07548495535636443 5.6344362669270005  
651 2-1 98.20527 4213.94740593401 -54.66814891881468 75.01434681276558 0.07878910395008201 5.766116783964739  
652 2-1 102.83083 4436.23235885912 -57.05912602460594 77.42211176225075 0.07319652678402998 5.831438423685888  
653 2-1 94.19242 3874.370877892805 -50.898490192194444 71.95630806848678 0.07453352677111752 5.857214323912796  
654 2-1 111.60916 4133.953605618992 -60.3844745412754 78.75820145202407 0.05125278582430246 6.123017718555301  
655 2-1 109.82795 4220.65117069772 -57.84438971642529 78.6132672457093 0.05147131599780935 6.2262459389831  
656 2-1 109.69587 4381.279712380493 -55.05022421794119 78.99798932918145 0.048504889009035025 6.360373571883391  
657 2-1 94.24519 3089.985952778991 -50.60699743023611 68.03490938242557 0.05605855221143489 5.976104759926377  
658 2-1 96.18654 3110.3815338692707 -51.87258444202655 68.64687923507995 0.053989113995020675 5.9789757925624  
659 2-1 108.4302 4472.603951993409 -58.8304655663205 79.36101726659228 0.06013963576313233 6.111386528748066  
660 2-1 109.53081 4309.197439513916 -59.54797379270544 79.04217647305552 0.057018364931164495 6.083733044855137  
661 2-1 103.97991 3618.2533659224982 -55.20190458828252 73.51144293435098 0.049659429189549104 6.170369688919628  
662 2-1 109.75337 3989.383445616649 -58.55251921365024 77.44024670986101 0.049905774606244485 6.1631264616921975  
663 2-1 111.32543 4076.0212181622155 -60.33856025372386 78.3549279377403 0.05089447481159632 6.131175606864973  
664 2-1 109.40146 4603.401308044543 -61.781879076480244 80.37952042304285 0.0677317456162928 5.843607692488878  
665 2-1 104.49655 4626.653110345909 -58.40712444367818 79.11995175337483 0.07515604136565658 5.879672480873918  
666 2-1 101.14908 4169.334994188618 -55.00142986586383 75.91872586291576 0.06804865884127102 6.009028165489003  
667 2-1 106.02545 4941.72975362217 -59.32013440978835 80.92641303368428 0.07851884185058171 5.8775575845217585  
668 2-1 108.88692 4716.154793936553 -59.28802507528186 80.57769276257761 0.0652662194216482 5.96216172041589  
669 2-1 101.58301 4487.295773395799 -55.51492246043923 77.7103113902959 0.07546785724190369 5.932414063253843  
670 2-1 104.80255 4264.680070097573 -58.61450761963403 77.02164253306526 0.06638627798068338 5.8957745669657475  
671 2-1 94.80405 4332.183179087634 -50.71883128055563 74.84647148170153 0.0855484174167793 5.7952642778623025  
672 2-1 95.60163 3812.5623450972184 -51.39114132768206 72.28192468635936 0.06977309350829684 5.907241946286618  
673 2-1 118.50012 5295.10524049384 -67.5063177084504 86.51124791969596 0.06740259757018333 5.829287093280333  
674 2-1 115.73818 5334.188578229474 -64.76627137965467 85.79559745231477 0.06902369274229228 5.917161476829062  
675 2-1 109.43045 4284.775981301409 -60.73022536193644 78.89828855035472 0.05972616866471996 5.9738182710458325  
676 2-1 113.32163 5444.011829056085 -65.50069387117165 85.45802498255215 0.0803487564560592 5.678039638861992  
677 2-1 98.3646 4066.3407318295094 -55.55303522868143 74.24945773824042 0.07610881258845247 5.7871677044204715  
678 2-1 105.13823 4029.976000569882 -55.19885061963134 75.95071481576485 0.05422308132179741 6.112906560787429  
679 2-1 102.55312 3957.8163528012838 -55.04127426399149 75.1294183389312 0.05933465602581377 6.101538824148801  
680 2-1 92.30946 3133.0122059214127 -48.512440218656174 67.27732024624774 0.05664910230941624 6.002084226007832  
681 2-2 68.15394 2268.6037106306153 -34.04657268045818 55.17893701669127 0.0866523834105608 5.557816649035842  
682 2-2 68.36808 1912.4616823066951 -38.10857515722436 51.74785243387082 0.0782294629382448 5.374203755350653  
683 2-2 63.4264 1823.4281444046915 -25.34967325436062 51.463526176192204 0.06720878807255498 5.755537924173195  
684 2-2 65.12814 1874.7005377080336 -31.537433743604097 51.60953935967772 0.07449617686922239 5.584610366207682  
685 2-3 100.43471 4400.734718512756 -56.27327521004606 76.71435393993724 0.07946101205422067 5.7715029325439815  
686 2-3 111.96332 5197.787132502587 -63.26102078887429 84.05294581732981 0.07412424228753002 5.885556148008616  
687 2-3 98.85208 4281.742171952368 -51.79087933771301 76.06125728890771 0.07172989694762626 6.0323997650923635  
688 2-3 101.89686 4254.652011944798 -57.025522213440034 76.41021029001445 0.07247374967465776 5.859572959416419  
689 2-3 115.16216 4909.918586762132 -63.312079667809286 83.75761050411813 0.06064494252651026 6.050826281120068  
690 2-4 71.50628 2068.9051578160365 -34.93413251118818 54.8599068631971 0.06493455951641688 5.713120474213518  
691 2-4 63.67209 1743.5461284206463 -31.637834088674275 49.7706455021105 0.07197987258084068 5.597434658396683  
692 2-4 63.40946 1551.3655507640926 -31.40276515404507 48.150055934184664 0.06252757728540416 5.637517796600083  
693 2-4 74.06029 2434.9934337433956 -38.57366565657996 57.53073238718495 0.07558332113296785 5.70910448015959  
694 2-4 68.17367 2641.0831702081778 -29.36854194993761 58.421415957257416 0.09939169336546622 5.596456884866451  
695 2-4 68.9838 2009.2189236395557 -34.48783799566165 53.948446687960875 0.07077401811540841 5.6892251325743315  
696 2-4 69.59834 1878.139238610896 -38.47106740714496 52.14879716346944 0.07371316472002766 5.3825799293343595  
697 2-4 64.43398 1649.3097507143711 -34.30285862158627 48.79405128158866 0.0703979582304482 5.517944236399451  
698 2-4 65.07467 1774.5036730642594 -33.89319031687977 50.15895321116955 0.07261090127006711 5.577523224493992  
699 2-4 55.56062 2343.3793718971915 14.363164321428266 53.396869440913605 0.15166612395804213 5.024618955625349  
700 2-4 70.0371 2393.5576865084568 -34.179766140677025 56.86589672584676 0.08683820814544019 5.476649228009727  
701 2-4 73.77229 2013.4082898185466 -39.01287627647505 54.434181591827716 0.06132817178812323 5.724900360623651  
702 2-4 66.61798 1810.8689196774312 -33.8914844407964 51.097001315466834 0.06827324848132377 5.652512877928946  
703 2-4 65.47859 2070.514795604351 -23.304403301891806 55.2825506330476 0.07339348595153246 5.777386986891797  
704 2-4 65.26843 1642.774538636018 -29.285552157110637 49.788424451225055 0.054907813167164206 5.867319785308107  
705 2-4 70.3498 2420.353616757989 -24.193219033827503 59.34519973905372 0.07224210065222415 5.902028822077211  
706 2-4 70.90367 2163.534361464927 -34.52861236314113 55.08122285048593 0.06715954262125205 5.831854506673607  
707 2-4 70.75857 2235.2120688580458 -34.91348857954073 56.35910308703635 0.07543783459355788 5.716426742643508  
708 2-5 118.10502 5838.542000683477 -66.72624814348444 88.78261718528142 0.07489640037262361 5.889302323299175  
709 2-5 100.57058 4443.814241613996 -53.62635883705488 77.26353507643522 0.0734003938368594 6.000290769528856  
710 2-5 113.14303 5810.2654143466525 -63.42409097589852 87.06435628798843 0.08312371965341706 5.81743096503096  
711 2-5 87.57925 3251.4065575745435 -50.73210305799763 66.11481676202926 0.08276509195414282 5.456885773713864  
712 2-5 84.38754 2431.5525927931362 -48.250116120638474 60.52744621464952 0.06688420001484002 5.428373800738511  
713 2-5 106.52977 5212.038191591176 -57.77244441237404 82.61363404724165 0.08121700500982323 5.808425369359176  
714 2-5 114.34191 5714.615045323923 -62.148063641154216 87.39282717097136 0.07560925217772421 5.916414495438657  
715 2-5 94.12817 3826.531280077804 -52.11331193150765 72.08912784839913 0.07790751930700951 5.787509271041251  
716 2-5 97.09963 3809.040589889266 -57.37468453714693 72.3102330846744 0.0811310265779583 5.394699384416769  
717 2-5 97.85364 3697.9814323840733 -57.81360395053084 72.03343563059414 0.07773515260024941 5.366004452409502  
718 2-5 107.38764 5326.769530418045 -60.91008318073505 82.98486164679642 0.08699662038072073 5.716111360683787  
719 2-5 83.19988 3349.8203490554833 -48.997094009328954 65.07125486673033 0.10209683802231571 5.1961227647527855  
720 2-5 99.2883 4455.408757204028 -58.33251209751489 76.17939372556013 0.09117826406973376 5.4421413557363065  
721 2-5 103.48894 4050.1236744450766 -59.47788448253849 75.69466178425301 0.06982831621792102 5.685886376795254  
722 2-5 98.31181 3783.211044938867 -54.58269889751677 72.93734998147244 0.06811561011581647 5.835815860467239  
723 2-5 113.57021 4938.526877910377 -61.50954591485505 83.2593206125521 0.06092684948696813 6.104364787896553  
724 2-5 78.30962 2632.649350745822 -46.85320861407327 59.27941663161686 0.09313882429237248 5.03271059921278  
725 2-6 107.25825 4894.278348414553 -58.50643287689174 81.34254157197351 0.07278153987926578 5.926590527371135  
726 2-6 118.77631 5743.28893433106 -66.48886059228025 88.32821633408486 0.07138396074946318 5.8519307709525314  
727 2-6 108.71043 4816.251003451609 -60.00303868435368 81.09024149958991 0.06860784140953564 6.002033698369857  
728 2-6 103.87169 4696.143471942804 -58.27192852161978 79.23829594508234 0.07892139050911093 5.8136814087233315  
729 2-6 101.86325 4158.103337530396 -55.60088362018155 76.07231032330219 0.06729108639248506 5.976994277900092  
730 2-6 103.64293 4893.965751924064 -55.42087049653342 80.19468115084352 0.07702123371230858 5.982223394160902  
731 2-6 106.67913 4798.140112577916 -56.68893596691924 80.48981312304899 0.06728862251636529 6.085000131146156  
732 2-6 106.28475 4896.714234070251 -59.432703389751836 81.04287457815732 0.07769228255823549 5.8806108277498295  
733 2-6 89.02684 2568.847480916243 -47.70340667711769 62.90201573783088 0.05167053451919693 5.920535119046568  
