733 7 5 
1 2-0 0.08814453810797235 10.455694109086133 0.6527193618553522 5.1830799780197 6175.471687895375  
2 2-0 0.061077723538151676 10.795843175125135 0.6328532841543918 5.363238898669309 6265.240941966849  
3 2-0 0.06635902886862764 10.475239098196813 0.6299628037174851 5.330527436308564 6196.6394163302775  
4 2-0 0.05675878903596864 9.755465222109372 0.6297558029659907 5.408419491170685 5922.9405482685825  
5 2-0 0.06732575401778314 10.193493605052163 0.6263603141430122 5.417661816306199 5549.739843036636  
6 2-0 0.08980994862304592 11.95992094941976 0.6620579664700962 5.246706948602873 6902.630342569577  
7 2-0 0.0755029404175686 10.201440150528251 0.632890652418977 5.37028608804488 6269.977629245642  
8 2-0 0.07650369101423181 10.510831769856242 0.6410724994700951 5.366572053224091 6688.1240207554865  
9 2-0 0.047045384798069925 10.408647322826416 0.586779534980437 5.7003643244077695 5805.647852858662  
10 2-0 0.05851700729070359 11.228968724060945 0.6427211014885842 5.523609067847275 8218.405574824126  
11 2-0 0.04985638169888083 12.097709389358556 0.5894278690633419 5.572443144900101 5894.97286087061  
12 2-0 0.06979426611577558 12.209746811345877 0.614673312040719 5.412802690263028 6241.978335180665  
13 2-0 0.04990991930707674 11.767196863822688 0.6001497812545827 5.575049722686256 6128.131466346654  
14 2-0 0.04898376781165343 11.631158730158747 0.6023541795270938 5.688006830112435 6265.867237351867  
15 2-0 0.08357763744881379 10.883328286978958 0.6389972589284161 5.260273850965765 5885.521959077756  
16 2-0 0.07705588723964743 11.49552318827629 0.6412002663262943 5.284232027548105 6067.663931968156  
17 2-0 0.04665966359377693 10.530809479839892 0.597015107541845 5.639427998900495 5555.2100677771505  
18 2-0 0.051503302288511583 12.500151891495838 0.5996992826154294 5.610327957429543 5768.167343151866  
19 2-0 0.04872246501447014 10.707694334650906 0.5989351617412663 5.7372982364845 6870.045228036747  
20 2-0 0.05259864373894646 11.090331131229213 0.6359097362998969 5.430763586066249 7033.588950172138  
21 2-0 0.07071462826788628 12.027074332557751 0.5915811903725714 5.405672892734432 4564.591642385692  
22 2-0 0.04579272491576083 12.308721183123144 0.594136725461746 5.57556436206004 6000.670596337276  
23 2-0 0.04957843081334704 12.14051492507387 0.5995221951674554 5.575735463052903 5926.480198263053  
24 2-0 0.05768213761694321 10.347660019707194 0.604935614018881 5.482289313095289 5306.746889621858  
25 2-0 0.0470868893343237 10.099256503953217 0.6082650948510676 5.512610008127771 6394.564900331438  
26 2-0 0.06062919549994066 11.053812525766146 0.6149020505916354 5.6130233091517905 6660.6854019354005  
27 2-0 0.07978050417237573 11.76193793014366 0.64613815974681 5.277683806958091 6921.241687055901  
28 2-0 0.05778991837215256 10.404304835924075 0.6349414819000259 5.380040478336151 6324.399887865684  
29 2-0 0.06519060804823797 9.732823130733141 0.6280832478372935 5.451231200725608 5690.946836312178  
30 2-0 0.07252639970398042 12.422792746597064 0.6444161737836881 5.354304791457151 6411.167756153787  
31 2-0 0.05539368167168354 10.433646409566954 0.6357630675815381 5.521422592759902 7214.6600359455615  
32 2-0 0.04196230585255533 10.798844313423933 0.6118406954838724 5.5927918943079815 6825.6459391158405  
33 2-0 0.054965285845800925 11.110233147985555 0.6071383334376725 5.415693216870421 5687.226982179182  
34 2-0 0.04583044889401747 11.62560392308441 0.6013623746425597 5.595697234356379 6235.384064939159  
35 2-0 0.09097993142678037 10.127329454422947 0.6483344816421892 5.244626945001566 5759.0335794585735  
36 2-0 0.04852877493652665 11.795000424232104 0.6071477433822662 5.664538320825151 8316.156738168378  
37 2-0 0.0501836951338509 11.043987663365872 0.6093538476165103 5.382145061282814 5919.927592036026  
38 2-0 0.04395012394918861 12.355081592593647 0.608328571219334 5.632464652255971 6672.909078215684  
39 2-0 0.05667973255480282 11.239339827983356 0.623835331736086 5.439829005017297 7095.672584820211  
40 2-0 0.058093222173575584 11.48874502380772 0.6383104260425462 5.27419633947269 6227.347961667252  
41 2-0 0.0677079069237218 11.67533298435416 0.647908161185135 5.322146806199891 6715.280686831712  
42 2-0 0.049755148899038995 11.875327134986298 0.6277408361308427 5.419253740154014 6879.4472835641445  
43 2-0 0.04239427660007473 11.661791364977313 0.6128106218712588 5.73484106542499 7984.348229170228  
44 2-0 0.045988554674773384 10.117275948491883 0.5970872270073772 5.578933305237114 6497.05831278328  
45 2-0 0.041997091272848994 10.853674429276078 0.6093368506737333 5.528699640383073 6713.418605889076  
46 2-0 0.05668257648937863 12.195281987189444 0.6242576255535275 5.558446997230035 7645.557699649577  
47 2-0 0.04959141510009079 12.125090909090984 0.6107962560428274 5.525421482394219 6908.255313037784  
48 2-0 0.054248091006423554 11.23472678265134 0.6262986048048165 5.513907485300546 7319.295914932523  
49 2-0 0.04585266931490001 11.53816839347387 0.6109981111654004 5.632815023456938 6561.089323811533  
50 2-0 0.04930199926141715 11.299261162048458 0.6112260869969102 5.659692037886821 6542.045497143343  
51 2-0 0.057938291022820276 10.739460816704153 0.6363347326839092 5.414160641147214 5988.5818759632  
52 2-0 0.049393952449047936 11.279367163235664 0.6284959499696925 5.382043591791795 6669.7910620013745  
53 2-0 0.054682302677236554 9.61414348099526 0.6038178704568213 5.516648417338093 5643.694155124562  
54 2-0 0.06181407579882549 10.85689640111812 0.6049769266441323 5.4367741851604015 5372.142226595214  
55 2-0 0.04557872154057579 10.372818576082652 0.5959310637652638 5.685273311206182 6597.899058162107  
56 2-0 0.052090315699802485 11.040487890487839 0.619008281964121 5.626656008399567 7315.47645977447  
57 2-0 0.0575570053375063 11.45825358649065 0.6172945053876718 5.4718177682810225 7179.996926778029  
58 2-0 0.046527794080657825 11.013500546831393 0.6112600932960777 5.690257703745175 7259.9989094930515  
59 2-0 0.04297830087879447 10.463541492270831 0.5942599627869967 5.625073689992584 6522.647006162779  
60 2-0 0.04962963515470822 11.316580483557187 0.5914969187449064 5.654181450446152 6275.401376737436  
61 2-0 0.04286945278098396 11.892956399062836 0.607064475761842 5.56428374461419 6999.271711496518  
62 2-0 0.045420105916757096 10.949881014969902 0.6233444659264787 5.406001488948298 6381.181881020326  
63 2-0 0.05941484933515247 10.918155792244194 0.5994278323296341 5.684013457662197 6577.60671610507  
64 2-0 0.043073322445311014 10.681556758520461 0.583351161140905 5.660902836363581 5880.050168487521  
65 2-0 0.053318235459301755 9.991483249500686 0.5946176397909216 5.535999981923228 5230.03702531463  
66 2-0 0.04054100970939271 12.033486979946176 0.5814560633797999 5.659236970449194 5929.235507353936  
67 2-0 0.048340371952130846 13.633694633231865 0.6035549658073702 5.655263526201322 6465.40061497982  
68 2-0 0.056281829100946826 10.843068587286929 0.6222515897432271 5.456644860982188 5921.082525222835  
69 2-0 0.049946719842732634 10.466558509524761 0.5991675545534227 5.52146877458744 5452.176088976844  
70 2-0 0.053853236012446425 11.279178707398675 0.6087865470119684 5.502869646979776 5884.083173281283  
71 2-0 0.04208135380309921 11.321400957821306 0.5964856669166857 5.647049090610929 6245.094151088326  
72 2-0 0.07015072291507599 10.204709347750004 0.6088688192462197 5.433944144632171 5819.145212062729  
73 2-0 0.06129090506883039 11.181737588652474 0.6054555946903025 5.4856185939107185 6429.841326367916  
74 2-0 0.06239601427025912 10.611836612999399 0.6100569726744611 5.465146203170472 6228.725522122621  
75 2-0 0.05205457216606184 11.109084966025433 0.608966652369271 5.4303171735905265 6591.0916731036305  
76 2-0 0.048537193004248476 10.395425072046049 0.6040685548027683 5.491616514692091 6708.603957057879  
77 2-0 0.04553245087328005 11.989480579281517 0.608136379989908 5.568550179666568 7554.702552785757  
78 2-0 0.04909808168425776 12.772718268706964 0.6046422394478345 5.602241793053469 7025.869596759786  
79 2-0 0.06863747452802395 13.071699616112344 0.6352042391182243 5.3539594261609995 6509.3659315296945  
80 2-0 0.04258086331235302 10.865753023898671 0.6035946627637838 5.6096474380336385 6771.507403976248  
81 2-0 0.08199833774694458 10.771220487770318 0.6507168785668309 5.156103597656707 5972.03969746622  
82 2-0 0.059544471621451885 10.742010632215386 0.6195620085674451 5.448135111433134 5948.971697043733  
83 2-0 0.06497595125335917 11.229606044719796 0.6114768364094499 5.375996149905105 6028.505644146224  
84 2-0 0.04653134968221617 11.762451427742317 0.5945121074175631 5.581799719088952 7172.613269442479  
85 2-0 0.047215824469432795 13.756806382170446 0.6111025692005603 5.442508315704639 7383.784990010782  
86 2-0 0.04126894114367878 13.81139708037763 0.605733584891798 5.549982440495796 7352.51979697529  
87 2-0 0.045424103173040846 11.041128976605869 0.6097620148822117 5.5453316578706575 6655.531229262874  
88 2-0 0.07283503920824348 13.049570520306121 0.6408246126552773 5.26110850127591 6620.544241583105  
89 2-0 0.08389403516387618 9.74442632089687 0.6209048224632224 5.35165339617013 5482.017992122403  
90 2-0 0.06423660712403362 10.036589823468322 0.6107060189986148 5.3971330746623565 5415.74666654504  
91 2-0 0.07518938398400983 10.86372782393891 0.6280659569880461 5.42769386791684 5810.623736055792  
92 2-0 0.08058963709325523 9.898823834644986 0.637839016442987 5.112185446481181 4523.645297176305  
93 2-0 0.06546572989719368 10.979009611760288 0.6237219888612183 5.52785236258663 6569.52787073926  
94 2-0 0.05002329073128529 11.222190774072272 0.6194078700205232 5.461895981355821 5946.146256420499  
95 2-0 0.0695276176730939 12.009044133820485 0.6442890761523131 5.398056033014257 7482.210614511097  
96 2-0 0.07590691239362314 10.374788373190604 0.6443443849578935 5.272020857889708 6299.377790227881  
97 2-0 0.05879433862147444 11.293588182347673 0.636383317633542 5.3391590192813 6365.908192189816  
98 2-0 0.08764092492150567 11.146553725724369 0.6460108208120318 5.288599164412585 6712.82470934728  
99 2-0 0.04945019810539318 10.809334052657858 0.604213998566105 5.7067630317953775 7280.061863046088  
100 2-0 0.06270050975066391 10.344002046466867 0.6239472212295729 5.379753306733867 6759.100379473838  
101 2-0 0.07954312189383382 11.0466358666549 0.6290602472955779 5.471919970366455 7223.029031879506  
102 2-0 0.0482570644820162 9.64885184902006 0.5892608616376452 5.693368357228497 5892.275067107631  
103 2-0 0.08187656606038335 10.077688184464655 0.6375649375958939 5.2506701503616275 5957.086231847489  
104 2-0 0.07657493269582569 11.070207099233025 0.645992353196172 5.280634195806413 7019.741218556918  
105 2-0 0.061345244105261994 10.66090462069026 0.6379486262047638 5.237140046049375 6651.388507342769  
106 2-0 0.0816230873739325 10.244921121325573 0.6249549940999986 5.364692608299979 5940.398141489866  
107 2-0 0.07178519147879614 10.009802531645654 0.6183260374312145 5.346524421169762 5421.096975773515  
108 2-0 0.07303974670150312 11.29363735434663 0.6360668363860094 5.2984351879354445 6611.125517090543  
109 2-0 0.06828993844559834 11.137618786549748 0.6453083059462554 5.347466365817193 6553.156859659774  
110 2-0 0.08217155798897394 9.027949018746364 0.6459855253981625 5.292867415765659 5471.594749560839  
111 2-0 0.06652430794386736 10.088011896806508 0.6229180524975181 5.303410179316005 5035.317287862248  
112 2-0 0.04901912712798058 9.904501547490552 0.5948529451647405 5.728445097478141 5777.294822534924  
113 2-0 0.04298884181304472 10.37260520713938 0.5992646506977157 5.691508457179338 5589.658059868576  
114 2-0 0.05712439220795513 11.485686620996912 0.6180863379317078 5.39822987366011 5743.202157585406  
115 2-0 0.07354322373583701 9.705393470679375 0.6422177906125589 5.442593730307064 7145.096572167158  
116 2-0 0.07051378125795751 9.985807037278182 0.6319883861573181 5.326354979902096 6268.088484643848  
117 2-0 0.07173158864418172 10.333934294871892 0.638495412960406 5.255936146845835 6333.283297187388  
118 2-0 0.06418931439569789 10.923558589306081 0.6178161783682471 5.531532607668482 6552.819744863654  
119 2-0 0.05471004479436817 11.103229583374013 0.6224112281605378 5.432497486068985 6587.657531550148  
120 2-0 0.08443419668669237 9.817672052373611 0.633451492754409 5.321424100449224 5947.832062590359  
121 2-0 0.06220577197651322 11.497909457900715 0.594955483235725 5.5605095437072 5688.273235915276  
122 2-0 0.04748865215203331 10.701503910743083 0.5994698918821333 5.42199628736732 5381.293736282801  
123 2-0 0.059765875051568704 9.910758128294184 0.6169495186831031 5.465809563497481 5791.506799923539  
124 2-0 0.05741174635832717 11.189460281709033 0.6420263847081336 5.472843982574525 7591.250365941741  
125 2-0 0.059285919329658474 10.358017077798884 0.6274238693585171 5.447787298241183 5597.79614052281  
126 2-0 0.054865168943910705 10.648796280749016 0.6256426361852593 5.362157072012514 5476.26026497812  
127 2-0 0.05266146851402357 10.78198390453145 0.6122961414545988 5.448872227584981 5488.997169237517  
128 2-0 0.07272912882438425 10.250863814177194 0.637383705311014 5.344623592722288 6173.2092977682  
129 2-0 0.07952003234434105 9.795847886506792 0.6309631216893364 5.405199224419028 6722.017423143512  
130 2-0 0.06680299975393264 10.159199540643906 0.6218532079382215 5.432007492400029 6531.699965330033  
131 2-0 0.052353819011629533 10.506435567192925 0.6061263583136643 5.629884814350193 7337.541375372407  
132 2-0 0.07897067743069842 10.393859204484517 0.6499198026953523 5.271774611981448 6975.199147730891  
133 2-0 0.06945415884813479 10.843787710015768 0.6017762201178947 5.465035001377784 5121.129447753067  
134 2-0 0.0768766503319395 11.82215488527017 0.6444408376874596 5.356031368590535 7461.958491766898  
135 2-0 0.09248707723883541 11.5020318059068 0.6543834927876891 5.1868964352277445 6551.304200367174  
136 2-0 0.07275521440682302 11.020217498764305 0.6237189062060854 5.385783185291484 6127.6401145216505  
137 2-0 0.0688231942479163 10.406939068224398 0.6307422927123595 5.4311667256067615 6459.687389649548  
138 2-0 0.07841041411355934 9.310528360528366 0.6504444417884718 5.098736133417411 5452.142012411039  
139 2-0 0.06646964609288127 9.948638041122424 0.6340272315955716 5.427629035394903 6230.634406128076  
140 2-0 0.06480639956158828 9.514909240369777 0.6492274953660857 5.289275067428051 6123.091779720877  
141 2-0 0.07701725174942343 8.548688846012672 0.64965884695423 5.299100995835399 5622.907687142177  
142 2-0 0.05516827630723253 9.036500000000052 0.6298866612251837 5.484927734225844 6193.873182316104  
143 2-0 0.0627191604265265 9.331450821459692 0.6382560433565543 5.462498066333647 6401.983813916249  
144 2-0 0.06135528563408934 9.832420734251135 0.6361658489912655 5.272429113362877 5967.574959869297  
145 2-0 0.057414432127792375 11.043114165956233 0.6339643401015406 5.57062808869302 8032.669331167926  
146 2-0 0.050783577545037734 10.439365924265768 0.6038315454020974 5.707984916249167 7106.288638065007  
147 2-0 0.0521067376337055 9.684445599773134 0.6134500950162376 5.524138307056174 6552.498310772646  
148 2-0 0.08322609094533191 10.640213917845585 0.6401397112864319 5.254291299880636 6217.845981190186  
149 2-0 0.07346703140306497 10.76718175693551 0.6273768424317359 5.380630598948155 7360.752970164304  
150 2-0 0.06180830658453608 9.86278019857302 0.6435507517628637 5.364116010996019 7047.935396651617  
151 2-0 0.05435389965738844 9.578268106162895 0.6271191744959411 5.4123016773289665 6116.420387373522  
152 2-0 0.06475830889771385 10.06634068278806 0.6387317500499092 5.344152041111119 6005.8037183566885  
153 2-0 0.07267659199421965 9.694398249806222 0.6566861694380985 5.2733269936311205 6591.838768520968  
154 2-0 0.062150069985757776 11.498670212765903 0.6183600576915687 5.590538665278324 6935.916976585183  
155 2-0 0.06045605907523369 10.774154949228384 0.6229811662972323 5.240105104308373 5829.159598700742  
156 2-0 0.06774375822488778 10.369466423475863 0.6256385326478242 5.433139316388178 6483.678946548637  
157 2-0 0.054069563353738755 10.135949473616119 0.6166696718348078 5.452189649587889 6669.802175860578  
158 2-0 0.06560000730075084 10.707970385043117 0.6288415403202294 5.505252341637721 7244.36313747922  
159 2-0 0.07873900778436854 11.125294728094701 0.6412500080965641 5.309477478468979 6775.5265873171875  
160 2-0 0.046883025071572035 11.03280856537251 0.6055468265153535 5.639077357571573 7341.215659543495  
161 2-0 0.06687898168367357 11.09720271535581 0.6380929478337263 5.290570799280384 6298.152348937748  
162 2-0 0.05230317074396102 10.992778811436665 0.5959397415886399 5.653088884958935 6683.80321614126  
163 2-0 0.05666417045173049 11.114196492200449 0.6229094856373057 5.446258132596238 6400.821141116329  
164 2-0 0.04196627801466473 9.183195548489595 0.6122870577535869 5.602551198829001 6561.513630856954  
165 2-0 0.059626106592227314 11.494086468509554 0.6289102496589335 5.502145963837199 6859.930744758867  
166 2-0 0.04884081918907425 10.680198420156355 0.5733714399521318 5.684151890679403 5034.812135897834  
167 2-0 0.06275314510955401 10.388856651094146 0.5898526442726665 5.617511318300098 5939.764323725799  
168 2-0 0.06051006504044776 11.042021573095148 0.5842743827354241 5.452072228146327 4694.732870039415  
169 2-0 0.04330825902614413 11.291577540106923 0.5641557934062037 5.802773548237224 6061.0310571730915  
170 2-0 0.05174004781954293 9.595439979582006 0.6135612188424372 5.435504927196889 5498.988780268079  
171 2-0 0.05075844969475034 9.55963461872001 0.6141990383320762 5.605709730093373 6009.677965592694  
172 2-0 0.06462707584316915 8.85526146515773 0.6209717746001474 5.439090629611619 5685.753123353382  
173 2-0 0.05541639114099673 9.811799183281293 0.6055717213319226 5.482757393137405 5281.918965528698  
174 2-0 0.05619543213106093 10.250609902759127 0.5831443857148654 5.608345091141435 4993.612391543504  
175 2-0 0.059181745177488754 11.006467994865847 0.6006023420811252 5.475570304340691 5454.279510432634  
176 2-0 0.04005436529363865 10.447829200026064 0.5678395112529797 5.883270200211283 6173.580078325752  
177 2-0 0.052775430427394125 10.13186649165252 0.609864996580747 5.581616560787009 6709.030807599061  
178 2-0 0.041605710186799275 10.462470362479532 0.6020925740374266 5.732160016390604 6988.59764294111  
179 2-0 0.05101247607120771 10.797467342650956 0.5943238711806142 5.564111195831335 4863.480073730151  
180 2-0 0.062104049339508714 10.57963028892233 0.6183752348409228 5.471965627316267 5153.5962316955  
181 2-0 0.040332144855258927 10.971155664838202 0.5840520026052735 5.784687232101273 6145.185819970126  
182 2-0 0.06962687415202884 12.025501491717101 0.6368629734376154 5.286335332262628 6651.819949177171  
183 2-0 0.05771585270409985 12.385885471030178 0.6359616952116616 5.44075475329713 7228.572865231709  
184 2-0 0.061032197750683054 11.466487355811953 0.6136498815413745 5.453615754388611 5871.545027865451  
185 2-0 0.05255213015439617 11.872866236426528 0.6198975764721326 5.477329071874853 6157.4889011556  
186 2-0 0.04685588505880527 10.09841502868179 0.5984262046278966 5.688915461259253 5614.674168216451  
187 2-0 0.06515999682096575 9.853367433930176 0.6270877693797702 5.397224076083593 5456.6142238000475  
188 2-0 0.06040430094311208 10.801739609848745 0.6315844751277667 5.4084825249582735 6101.340587720354  
189 2-0 0.06302780592870408 11.775789188456859 0.6099355432728085 5.598804730848968 7212.226734316003  
190 2-0 0.065243786367895 11.26862673843011 0.611947195155307 5.4405159268435055 6090.949135279251  
191 2-0 0.051729531830277495 12.218317684599034 0.5980754353930935 5.648624335072772 6744.297936048906  
192 2-0 0.048076732933179094 10.607136935575944 0.5821800060003318 5.678331344154313 5145.958944804597  
193 2-0 0.050822102079803005 10.713795357960135 0.6017027941745625 5.490741382749461 5143.21859323497  
194 2-0 0.05884814912800852 11.271630404777977 0.6198318785082466 5.437468032939505 6111.045173649038  
195 2-0 0.05151444395614015 11.583900026952609 0.6200622226899756 5.476073834481236 6214.1899184772155  
196 2-0 0.042129757380215876 11.144497171891514 0.6149240381387668 5.619871754862134 6380.327045114628  
197 2-0 0.05218112129867112 10.131129672267786 0.611052688873116 5.614626046253718 6115.681286355157  
198 2-0 0.04953557648182758 9.885516819259871 0.6163008249481909 5.56055314218516 6288.220166503533  
199 2-0 0.05540724280250665 10.867419288221942 0.6112025879666805 5.490616389089783 6073.197087859061  
200 2-0 0.07215233322816857 11.331412400308741 0.634125642510788 5.289321493374875 6422.905208623424  
201 2-0 0.0579696161634795 12.568870420285439 0.6001832405936379 5.510641167455803 5902.464693594511  
202 2-0 0.05514375028156665 11.6875919690734 0.6127799722261135 5.484275999142287 5722.437325696058  
203 2-0 0.062284138856288064 10.38145995775304 0.6227435342718209 5.304410658912049 5558.257620381123  
204 2-0 0.04501034046362004 9.608903110200785 0.6094524414760684 5.611536303614977 6521.148231413662  
205 2-0 0.05372890009965497 10.742933371110269 0.6192874804946816 5.554873528854928 6308.308071513279  
206 2-0 0.06157049708304415 10.51151227757179 0.6402101538462992 5.426220975907383 6909.857251682125  
207 2-0 0.05943095828518661 11.167624911097857 0.608192434037049 5.570423020557796 5728.596055647696  
208 2-0 0.051067464943548954 11.346396344125246 0.5875404426766377 5.4917771775693645 5057.510449081596  
209 2-0 0.0592263194826814 9.89255314427721 0.6122683139263492 5.558825460433663 6474.717736315574  
210 2-0 0.04405443831220691 11.035347381050581 0.5921128142746771 5.690600938300003 6796.495219595129  
211 2-0 0.05502170099295338 12.03456714120821 0.6062527547705849 5.5369343400169715 6434.694081170672  
212 2-0 0.06640429385131424 10.823816089648862 0.6055418498549952 5.366283459182699 5196.632747767811  
213 2-0 0.05557187062505942 10.866676691318167 0.6091072805598029 5.540931828555104 6234.98080846711  
214 2-0 0.08262781017285989 10.265781791255566 0.6334122167154449 5.1316959130957756 4708.346120263939  
215 2-0 0.06190629070602517 11.412706248000381 0.6282603381517126 5.535237155656648 7131.560365531422  
216 2-0 0.0826969142109573 12.014652014652139 0.6369033880287226 5.390054668524946 7550.4592507968  
217 2-0 0.0773052820469795 10.574517655624295 0.6474426123761942 5.211734381965843 6172.528990217686  
218 2-0 0.04502931378005552 8.940506177281993 0.5989335936154299 5.659784525819584 5602.727547685246  
219 2-0 0.07232543101765697 10.550070145232624 0.638408389555044 5.302157837285224 6769.896006225327  
220 2-0 0.08268090169643978 10.899120057859133 0.6334293494157569 5.363863674253391 6538.916405170454  
221 2-0 0.061940872870017066 10.814672175746443 0.630403179895582 5.326076859989613 6695.948897611869  
222 2-0 0.0433494399869668 10.978301981945597 0.6055898330360385 5.554748584660914 5748.971253156521  
223 2-0 0.057870200324065646 10.891657832967375 0.6368169482713605 5.43546625053658 6777.909051355122  
224 2-0 0.06250707922544448 9.35924703326086 0.6491797012377196 5.379174130611739 6921.342003483387  
225 2-0 0.055178346675119144 13.062758799171874 0.6433101576372914 5.5903516601966174 8770.162126643054  
226 2-0 0.07585598484002949 10.53697297766707 0.6254328851254957 5.256821009873458 4835.008711363892  
227 2-0 0.04933733456990464 11.373821623214075 0.6238423733937246 5.624373284885939 8517.155467208084  
228 2-0 0.05750984899435262 11.695112747772292 0.6200742282377742 5.569900287588283 7295.633762210409  
229 2-0 0.0672083066325283 9.466921917215195 0.6500244563593314 5.332069776461155 6866.186486207458  
230 2-0 0.06007416744287508 10.221878697131126 0.606735790400647 5.462639659282769 5597.056487151624  
231 2-0 0.08128409365965973 9.745551907442218 0.6175940125139711 5.331275921861602 4897.196116370564  
232 2-0 0.05149502714046835 10.371252722280055 0.6101961206866812 5.5090747361747185 6836.576065499466  
233 2-0 0.06664670295720013 10.448583920330288 0.627987616326229 5.347751666504658 6764.6698808019055  
234 2-0 0.07264230253592378 10.807408004009346 0.617476346342262 5.400204935578733 5748.301427153624  
235 2-0 0.04262514175151111 10.914549759286235 0.6165268713006339 5.742340774903462 7534.285499380246  
236 2-0 0.06519279158249736 10.357435225906384 0.6239228094069527 5.424626473577108 6096.65858245388  
237 2-0 0.07438857023519796 10.278874461200607 0.6170812417955855 5.467138390527887 6060.444865772293  
238 2-0 0.05650759424442158 11.105014283346614 0.6266988923285729 5.431408607051567 7210.152522502729  
239 2-0 0.07847849393475846 9.785613879730116 0.6321279086696892 5.375332605408391 6074.940663841988  
240 2-0 0.04863876126430409 12.731594969158087 0.6254173500336223 5.63993304922772 7182.39037898928  
241 2-0 0.039903038931622704 11.248116073023686 0.5404908678485146 5.839276622436641 4721.7665380575845  
242 2-0 0.07192788995150771 11.166635693757131 0.6228244717220768 5.376670652272653 6048.656391878072  
243 2-0 0.0635233222242754 11.975058197538996 0.6159953583604967 5.4305471483578565 6098.367488546044  
244 2-0 0.061566464574339036 11.15529902450121 0.6333048527640425 5.373185418648853 6113.822917623036  
245 2-0 0.049521652410698155 10.329756379202191 0.6208013538026421 5.523692400458011 7199.303626648793  
246 2-0 0.053798418331057286 10.470776481395484 0.6096048427310076 5.538564033312789 6326.146458793409  
247 2-0 0.04578373520254819 10.371783055653959 0.6185814329111667 5.537165970557806 6799.532867641021  
248 2-0 0.04794862747152671 8.79151855978208 0.621761405780221 5.6724965541369 7188.557749439649  
249 2-0 0.055090942272526436 9.152833402384633 0.6136412136306926 5.464902851546937 5699.3854179477585  
250 2-0 0.06950618840890822 8.977644996512966 0.612667554561116 5.426479453254865 4979.092632268901  
251 2-0 0.05431331525022937 9.005298013244966 0.6023921509049506 5.3770137667286955 4678.029470395909  
252 2-0 0.0872610391760879 10.155407899593941 0.6293703492272159 5.244241600798317 5144.275793301612  
253 2-0 0.04648670887823395 10.330604826984533 0.5735061746834135 5.8187856896730885 6124.489875614961  
254 2-0 0.04863571825931889 10.635492385786769 0.6067419663517747 5.584462766684102 7216.482333135381  
255 2-0 0.05106319266416099 9.136166416058229 0.6049280250727774 5.510645865136272 5921.5561041261635  
256 2-0 0.06806112142355883 10.162246852764179 0.6302291353213427 5.477918102731689 6837.0702708546305  
257 2-0 0.05141613692162755 9.954601765680057 0.6397663904211841 5.385792989897282 7514.553004168747  
258 2-0 0.058685781666205146 9.65857539952464 0.6382677192674663 5.305881638697496 6055.3166899143625  
259 2-0 0.06314769455167216 10.777459487367295 0.6089013623168772 5.556193244038025 7104.448893545279  
260 2-0 0.045279736145720194 9.965357878351371 0.600111319037611 5.683104292755997 7788.414188109414  
261 2-0 0.059265344822824285 10.50605901797959 0.5984314509683055 5.610048367653355 6397.57814615424  
262 2-0 0.048785322668141784 10.10196721311478 0.6253713570512047 5.534725198900293 8241.05151660255  
263 2-0 0.05035991885252819 9.184294813466817 0.6111840807654734 5.430934583384588 5760.46558330945  
264 2-0 0.05102976757328701 8.582163742689985 0.5971719017531789 5.655957825309061 6307.775314782947  
265 2-0 0.05503988779736837 11.267963822047149 0.584980445147687 5.687135890216589 6553.364285714152  
266 2-0 0.060715497059159476 10.360527016236338 0.591098414650256 5.669482974987353 6289.202504841671  
267 2-0 0.04850196019932516 9.717007677580327 0.5990834482128864 5.627100923156412 6314.97108433992  
268 2-0 0.06367894974665372 9.485572475628075 0.6204978883620584 5.444087897291636 6385.606757626437  
269 2-0 0.049744779716052824 10.170658824870728 0.5760467162245522 5.711500879205389 6555.6601645525825  
270 2-0 0.051644348609055875 11.174933939084791 0.5873644696446423 5.530533399813026 6556.798601900134  
271 2-0 0.06120075547975943 10.593534592037258 0.6162600878611099 5.565880583627982 6967.036216724055  
272 2-0 0.06813568823151345 10.435181196489129 0.6415130603182616 5.416708950081987 7389.162711011301  
273 2-0 0.06152519778113496 10.542067820614482 0.6116625995489806 5.471298473448875 6018.765965710118  
274 2-0 0.06122259242349417 10.008512617275995 0.6177336218820378 5.560445218452197 6185.121012075057  
275 2-0 0.06219052351757631 10.01115707144833 0.6136511742179549 5.562929920765893 5933.960049399904  
276 2-0 0.052585956611718276 10.786586218504818 0.6071044428171004 5.667786481519008 7086.7817261635155  
277 2-0 0.078609784229866 11.51420239956432 0.6293280671267882 5.258218218046561 5694.80538449008  
278 2-0 0.09714317239816825 9.8120590614886 0.6458363864931401 5.175540906766745 5639.943571753792  
279 2-0 0.07870433330073606 9.925656862145596 0.6423416398708232 5.3630614155275325 6178.1450592168885  
280 2-0 0.06294742923379673 10.233934853172265 0.6189768103583768 5.3787526731661135 5181.7084966147195  
281 2-0 0.05562021826730548 10.339544292474178 0.5996524947207107 5.603033304585371 6173.33058640715  
282 2-0 0.04552075043213197 10.528015962345282 0.5718274887359016 5.677129205103307 5022.726992990199  
283 2-0 0.04644903098842203 11.365577092080901 0.5909006764912343 5.655587265317507 6116.7194837331135  
284 2-0 0.04365206189335018 10.506244082773565 0.6019873995646826 5.671351466943881 6419.775450691863  
285 2-0 0.05281182348380571 10.953455042665789 0.5883416980499253 5.587287745645997 6397.880662055194  
286 2-0 0.07665389438490881 10.485947814621051 0.6122403391007889 5.31157501382353 5312.7845712575145  
287 2-0 0.08552305320447642 9.660552161597392 0.6311889972037399 5.183664735844843 4883.579906235786  
288 2-0 0.08567976330443855 10.814546839299226 0.6480112184263209 5.191035487130034 6625.603522245164  
289 2-0 0.05331139451394894 10.801893276345309 0.6132493237882282 5.472556753983448 6133.265711857759  
290 2-0 0.039496835015028854 10.056522891482967 0.5945859345559814 5.591298865334134 6196.27256984809  
291 2-0 0.07078214494249559 11.011165539443638 0.6220557563377805 5.330557645811676 6092.272668645194  
292 2-0 0.05358619329065497 10.397544326041434 0.5826238436582796 5.526634828134507 5673.98572098464  
293 2-0 0.06558566125948721 11.548377285422871 0.6055034043996788 5.527536744601102 6730.35109334631  
294 2-0 0.051731652404983564 10.282525888635858 0.6030585829163009 5.571754399445192 6867.251804330035  
295 2-0 0.07819824405709551 11.810747449796416 0.5990673579683321 5.419928461259254 5343.195322828224  
296 2-0 0.07490142171538135 11.672719095134067 0.5988228248580216 5.365445837133004 5368.7228996368385  
297 2-0 0.05274229675192751 11.417521236703115 0.6070647371149651 5.6137436921175965 7454.812792864192  
298 2-0 0.0610132257985608 10.407222658636652 0.6165817193312841 5.404656314680198 6299.101386453931  
299 2-0 0.06577596741091409 9.859960310758312 0.6084507926777306 5.396532381464412 5417.992366993496  
300 2-0 0.07661189754150327 10.256053783275398 0.6036150425363404 5.383906714232031 5170.020649753165  
301 2-0 0.07104479957312079 13.014958911145289 0.6355958805398783 5.393632730255273 8576.543881488333  
302 2-0 0.06166817472680541 13.056122006247788 0.6389229455077505 5.295086268525356 8310.80770263182  
303 2-0 0.04767539738482163 13.72079564859919 0.5940206422266804 5.575998343032935 6669.033857949664  
304 2-0 0.04920771416361965 11.276449149600909 0.5893467156959095 5.483962277127808 5402.162287125437  
305 2-0 0.06230498859077775 10.507498115375014 0.6183996721718849 5.472792809094505 6315.603249861902  
306 2-0 0.05396980347761313 9.645605614670549 0.60955035292931 5.4698146826325225 6173.318511835125  
307 2-1 0.07200654997160834 21.675659242191706 0.6439228902137002 5.480857186476764 20003.286611559462  
308 2-1 0.07412705776044665 21.447835034741345 0.6404237267191908 5.470963331272495 18156.263720733168  
309 2-1 0.06906694611500017 20.65800627782489 0.6303584440537003 5.551884286621349 17593.491071190616  
310 2-1 0.05262407742854844 14.584600533234832 0.6381175354554739 5.6529355483936214 15139.431709503899  
311 2-1 0.06320147785484613 17.872168117143193 0.6234033494869924 5.651972143257166 17059.921407420097  
312 2-1 0.07140135784117338 15.812976931760552 0.634230187924781 5.527999882896279 13148.858292971627  
313 2-1 0.06959381518082697 17.483606557377154 0.6374123156902488 5.551107554839359 14141.023993830042  
314 2-1 0.06364453515319016 16.008619364174823 0.6461755326758619 5.539128672087706 13133.210012651709  
315 2-1 0.051706352034607155 16.252085847227264 0.6318752649105257 5.657479952588826 12599.14448984315  
316 2-1 0.07210216641745634 23.432997398247657 0.669935299834904 5.375221442480323 18206.000763627457  
317 2-1 0.04890179871611032 14.205413859222508 0.6100228173562705 5.559494435100871 8328.406528611107  
318 2-1 0.04853884985781476 14.120579225842278 0.6071775583296366 5.666800694448457 9223.501053065203  
319 2-1 0.06468740786956184 15.972578722210846 0.6571801493459998 5.520421605563019 14772.046585775337  
320 2-1 0.0954934580432225 16.539232059788066 0.6677218399201325 5.195604368651517 14673.648567848439  
321 2-1 0.04864397667637115 16.680561412560724 0.6100004705538471 5.730844647419993 13847.099396654927  
322 2-1 0.053880623729257754 14.943674758239474 0.6172034892178868 5.714214497421755 13284.057326431968  
323 2-1 0.06219714630598515 21.43325526073708 0.6667450674970359 5.479722143480676 20643.96662468736  
324 2-1 0.0682742545717344 19.467995651402337 0.6720480457522334 5.409354015219901 21708.51227701907  
325 2-1 0.04849126689910035 16.57029008950705 0.6264922813105938 5.662453442495981 14995.945430373655  
326 2-1 0.0508597475942087 16.487576914090038 0.629328058908583 5.7294458617759885 15612.253352537842  
327 2-1 0.038677169122361514 17.238417210910413 0.6131559601567269 5.7973604707529205 11532.858103469955  
328 2-1 0.056778648752443935 18.082136568019138 0.6370472901291357 5.627474466313666 15327.73077689543  
329 2-1 0.052210798083783774 16.011335856279064 0.6309278685622737 5.721112737925177 12645.556140714332  
330 2-1 0.06652785068495656 16.725743961352723 0.6492116399962822 5.466059852808523 13499.472550238417  
331 2-1 0.06434189709710389 20.82683595035726 0.6378134812146359 5.465986012109555 13932.120355047617  
332 2-1 0.05915459087661882 18.38607986700611 0.6560497612245411 5.395907714159466 14791.057794028227  
333 2-1 0.06946363168204994 14.639799144504465 0.6553710741340993 5.570243579545395 12781.118675944072  
334 2-1 0.05225073352414583 15.953728070175307 0.6170792613241723 5.648525017704854 13177.268398854834  
335 2-1 0.06726232808164671 17.708010687393525 0.6129802236684523 5.603592644519809 12242.151247032985  
336 2-1 0.03830188163224385 20.0430593381199 0.6132523346627481 5.834550666510022 17701.430041922573  
337 2-1 0.06475296265998569 19.772370609836297 0.6537304639657325 5.5691530045474575 19962.813118403235  
338 2-1 0.0596640981463233 19.524315619967705 0.6030030931279883 5.787719409531069 14821.45669042868  
339 2-1 0.05496274513464657 14.643784989938764 0.6359641126301014 5.688332631077182 13566.075881468247  
340 2-1 0.043412140449389236 15.210205480209076 0.6276547922081184 5.901885631660023 14737.786042634156  
341 2-1 0.046816898514680926 16.694254545454285 0.6021575023273955 5.719951181093 16348.266311086541  
342 2-1 0.07326884033227256 21.512755847953237 0.6514672561561451 5.433564010727477 18087.44714061987  
343 2-1 0.06350601830050769 21.628898847033547 0.6497474775164008 5.489982617011241 17517.577562417024  
344 2-1 0.061321280167556017 16.354027431421443 0.642640750347663 5.641668115060054 15492.012947561445  
345 2-1 0.060974363830601216 15.983138282775924 0.647872113099576 5.624941033020102 15149.548248939218  
346 2-1 0.04672430132333514 20.66221452866849 0.638207411876604 5.758192258947519 17999.105166614467  
347 2-1 0.0628096934622832 21.31082298270267 0.6438810074622476 5.611533378038833 17545.756477805255  
348 2-1 0.05241697314938805 16.797120183541193 0.6555958008136544 5.627366521823071 18725.427970542696  
349 2-1 0.06434963250371353 18.44772454345936 0.660347272298949 5.552883817830846 17126.369705549845  
350 2-1 0.06899677888769919 21.070752350514717 0.639875150132766 5.517111119102339 16879.050088638778  
351 2-1 0.05696561293718297 18.75631799733965 0.6340129284437478 5.70515177995587 15622.994614365414  
352 2-1 0.05217696418588723 17.556998406489928 0.6238511522227881 5.773145378816086 16717.624293026638  
353 2-1 0.0851560462828223 18.583259918585654 0.6627080349278212 5.332991445673323 15629.05272989171  
354 2-1 0.08183850443553738 18.8986957062461 0.6659713028412955 5.343863973284074 15659.780020130438  
355 2-1 0.06131530302652048 20.611683832125877 0.6411048392075435 5.491184571523566 19431.006628494164  
356 2-1 0.05122450162337835 15.894630262446471 0.6323931400701346 5.696082917958522 16954.803325325134  
357 2-1 0.046492452150959124 16.69037869037868 0.6272340030965232 5.702705435600728 16455.364241919346  
358 2-1 0.06551662179664201 20.024285784611397 0.6527045945144363 5.437744401394768 18176.50317789249  
359 2-1 0.060792467711014694 17.796735772357504 0.6549131289940394 5.498237532183944 18154.64132886243  
360 2-1 0.07187533921126965 20.073730512852762 0.6416756231246096 5.5319149058554675 15355.623651158097  
361 2-1 0.06966236083143627 20.022979280306508 0.6474577819981536 5.55231738891976 14597.7330768997  
362 2-1 0.08563057550652169 19.702435717155264 0.657261954082499 5.315842280372474 14169.240096655602  
363 2-1 0.05760278550489364 12.713686531993243 0.6743611721055742 5.603661342281593 14078.894630298058  
364 2-1 0.06021625820288261 17.96462392019381 0.6448894810092206 5.6740411457312065 17523.493330292316  
365 2-1 0.05029254806640335 17.263742171057665 0.6398729870349464 5.662183478149817 19093.495715197012  
366 2-1 0.05186513959277793 16.964770797962583 0.6087614140168999 5.652569751999179 14908.265082907708  
367 2-1 0.09761620213040084 16.263277117578777 0.6668159897496816 5.285224116866331 13098.457137975005  
368 2-1 0.04896197794571295 17.604304995533152 0.6455673098328392 5.64511432250491 17076.726654754424  
369 2-1 0.052550942494115224 18.902614433878465 0.6485843155154848 5.637163071371219 17686.277152074126  
370 2-1 0.05128958769086663 17.598815541679148 0.6313581481231837 5.736453990280135 17651.283016473408  
371 2-1 0.05621231891613259 16.556197749514684 0.6389785615120094 5.653504271350737 18101.712418557967  
372 2-1 0.05538766282865307 13.643440556144684 0.6443315155269526 5.639971734962379 14087.117557314845  
373 2-1 0.0505554469197672 17.41225007631275 0.6161322981779477 5.765053383295651 14602.663888065465  
374 2-1 0.06277147309609091 15.232560228786925 0.6458385114397259 5.47730423133279 16418.801991048742  
375 2-1 0.04408629548779093 17.063520997342938 0.6197133543894155 5.789273533541251 19265.831879856058  
376 2-1 0.05167942060104942 15.527640192746974 0.6363575412246751 5.644708211931884 18557.45071273331  
377 2-1 0.07419024518147094 16.253894813421567 0.6562567068705587 5.456927809203068 17579.258862111303  
378 2-1 0.051092866610373336 16.84191839369599 0.6306135682782108 5.664737203745875 17095.24237612708  
379 2-1 0.05138312122137755 15.792160638930552 0.6458154765472651 5.612638571131269 16805.426100241664  
380 2-1 0.04838172221173757 16.180700326640693 0.638122237721047 5.605795290896867 16505.88926808471  
381 2-1 0.06903452651639841 14.043774362852139 0.6501193763858543 5.5054077881483305 11856.133687185013  
382 2-1 0.05931002397489358 13.930151815181333 0.6545848269015512 5.583575823218134 12411.675665922421  
383 2-1 0.05518154267316309 14.584970266553785 0.6428349429191015 5.636227755191875 16046.31904362195  
384 2-1 0.07700429339259228 21.098714666956894 0.6537539849280027 5.449018084184614 18608.52593609852  
385 2-1 0.07266376216448217 16.653039201024942 0.6420114868193749 5.458042735092326 15217.256637528726  
386 2-1 0.05096773350908202 16.00090626108197 0.6194134445665129 5.67917090655234 16843.748981905836  
387 2-1 0.07126355331279839 18.683989393850855 0.6305609693475378 5.633618200361676 13894.546780313933  
388 2-1 0.04463089637440505 14.842572062084056 0.6312049512506884 5.700532053399191 16022.738786960741  
389 2-1 0.04847194678627517 15.143470712900728 0.640484368353935 5.703019645418099 15264.687043718888  
390 2-1 0.048938631309010446 16.3989719923309 0.6016478072533393 5.834975606208252 14439.523503243798  
391 2-1 0.05860219078291542 16.672401985961248 0.631263570293768 5.724955225028003 16031.806236391545  
392 2-1 0.04446978309768451 19.150509944194685 0.6149904345367871 5.861236841467853 16278.863242570467  
393 2-1 0.057419413977702866 18.52531090308868 0.618092109180127 5.7341848670125675 15543.2492218852  
394 2-1 0.07257557297804818 15.401504282422511 0.6045445932723609 5.635560631425143 13521.586771950957  
395 2-1 0.04872808596412027 17.026455026454812 0.6285602352140089 5.700020157206462 16594.27129770978  
396 2-1 0.04547643064593293 19.22795810015798 0.6274249752497089 5.763651816552224 17341.16123519321  
397 2-1 0.04378758107918425 16.40795275225099 0.6236033561285892 5.769067468025029 17017.647577979707  
398 2-1 0.05166241698288113 12.058474904721987 0.6507416457156925 5.663175198996291 12856.5447061377  
399 2-1 0.05011183153364234 14.557012071375853 0.6366123594303771 5.616266464914944 12148.633074040199  
400 2-1 0.06499812745038487 15.30143822393826 0.6396154116545307 5.436163361274998 12062.55584416296  
401 2-1 0.044885739521409763 16.576200135226273 0.6216660695603551 5.814005014206744 13999.151685373447  
402 2-1 0.049935447878152656 16.215195791934423 0.635250192958697 5.639356769131598 14925.405422260901  
403 2-1 0.05661994065573405 15.3384825688401 0.6361114490271712 5.651104752361249 14885.706783889005  
404 2-1 0.06364787864970513 14.436529707744397 0.6347160704050455 5.576619852047977 15938.655089420841  
405 2-1 0.056607132353725234 16.878759282030867 0.6189035931917487 5.759136697513359 17689.203440634203  
406 2-1 0.05213843823531319 14.336634340238243 0.6363927842288115 5.725720811774679 17187.45918589824  
407 2-1 0.05146051081433788 25.20986746987948 0.6294891528688756 5.605467165247792 19587.91701413801  
408 2-1 0.05159015130102824 23.25604434694943 0.6367654037838804 5.604452957204456 19562.299793567327  
409 2-1 0.046853163901895666 14.100967032966981 0.6254776219861132 5.752283043874079 13617.695567315726  
410 2-1 0.06943280426161744 18.386987651077206 0.6450462198747 5.477728364873163 13455.334358922099  
411 2-1 0.08534892307691991 13.504491452991655 0.649544122435193 5.416733696656514 12090.626221128407  
412 2-1 0.0638547073484343 14.560432071915258 0.6192554077379516 5.5237856973907435 13198.797555364969  
413 2-1 0.04183530722624827 15.37595357953658 0.6338382982743009 5.723390478582802 13448.773019408423  
414 2-1 0.04815922282891913 20.57674301037457 0.6399861754436279 5.625416881862989 19842.660654970405  
415 2-1 0.06977043414816878 23.322049708130002 0.6489187152883454 5.4267656343076345 19406.23921923272  
416 2-1 0.06636381855461161 16.303921806212045 0.6368891092148427 5.561180484552163 16473.75593266487  
417 2-1 0.07602296858232417 16.394303492849254 0.6498184933300629 5.536767614925109 13428.56022373658  
418 2-1 0.06493025112163989 18.823890966194785 0.6584735381818774 5.665876339830981 16999.157163330197  
419 2-1 0.05763427340030723 18.683998408262365 0.6476897932838401 5.7451329141248815 17349.338578179962  
420 2-1 0.0673955174267986 19.746940403467658 0.6596439370191949 5.423446337958789 16288.185829301821  
421 2-1 0.06751762753087302 17.93455911013119 0.6434613433910779 5.501711190750126 17067.27049381243  
422 2-1 0.06635574519882761 19.93490460157144 0.6471139706413578 5.531516567807646 15975.685861242462  
423 2-1 0.07120526296103077 21.88338934466786 0.6437216302305862 5.5189744322196645 16985.812824622644  
424 2-1 0.049714966017349475 21.291848199954195 0.628387150839478 5.726164405960837 20952.235983515468  
425 2-1 0.0670271574726084 19.463797130463764 0.64000904906795 5.559479551379696 18670.64766864113  
426 2-1 0.07077577283015264 20.199103299856418 0.6351123937707597 5.5224769214302345 14129.893086150869  
427 2-1 0.07751814839083417 19.843295331161695 0.6323505606349722 5.332929947405122 14915.705013259501  
428 2-1 0.07038807916151706 19.462643072289282 0.6337300924523299 5.586385985622394 18038.40773590677  
429 2-1 0.07675695934548088 17.47474747474698 0.6374361476333723 5.536686265593411 17551.241300459846  
430 2-1 0.07656521140688033 20.227940100062966 0.6461341602375024 5.502425015021159 16877.51298408778  
431 2-1 0.07876293324518399 17.792834576285596 0.6649596961883407 5.427092931152217 16736.852670320008  
432 2-1 0.06611999126010389 18.3961110053312 0.6448829205246359 5.546320897873513 15354.264694657022  
433 2-1 0.07279189535998855 22.41588088723855 0.64319921106178 5.4292796086822515 18470.12609527419  
434 2-1 0.0696597470274746 20.62970345761069 0.6500484856480779 5.468788950217765 18675.53623370476  
435 2-1 0.062113450466175966 17.525987426003013 0.6533139774299364 5.569845501604114 15987.253817529427  
436 2-1 0.07186625844757993 17.73584236981214 0.6685671109855982 5.427894465992865 16200.12260010199  
437 2-1 0.05568512518353181 14.762334235227298 0.6444442468161686 5.638645644118641 13675.941336023856  
438 2-1 0.05073373937762221 16.486835689907515 0.6337526214211252 5.749333990351779 14221.758001592792  
439 2-1 0.05406628205607225 20.9541439372185 0.6368573184781054 5.7163086855865055 18910.345398241006  
440 2-1 0.06140591995398374 19.955693854066368 0.6512406570399166 5.622335828801543 18646.89021528667  
441 2-1 0.07068076340377599 19.851362707245165 0.6457254414950306 5.473479016269641 18806.82954969549  
442 2-1 0.07185394626009049 21.663319040096603 0.6404149571586866 5.461607731701298 18477.891702038032  
443 2-1 0.07620579598792021 18.745868293923376 0.6392309373958042 5.487615241587749 17509.2458220263  
444 2-1 0.06991567444519313 20.95087371644773 0.6379742682949284 5.53823396908968 17623.56068782927  
445 2-1 0.052258485089364176 18.51942289297461 0.6169450711914545 5.63340082894465 17281.29162311216  
446 2-1 0.06811740792145994 21.133905371669258 0.6373493425157818 5.502647700322557 16892.783716907703  
447 2-1 0.07316221143356764 21.2110233083208 0.6480485822035481 5.494926762046506 18550.61657541603  
448 2-1 0.07376311974813056 23.781876724115097 0.6445828678182164 5.478557665728747 18744.240615471354  
449 2-1 0.0661693869615338 16.23686617458275 0.6386991173582622 5.531855221159764 14646.70051733473  
450 2-1 0.061788811769460966 17.709678224992906 0.6311245163558572 5.6331972088421765 15881.481977151065  
451 2-1 0.05866529695980738 16.489871686905296 0.6351815372514213 5.671078190887127 17339.48871481146  
452 2-1 0.05467179681548302 16.389802700967188 0.6349041207035828 5.725404169175041 17560.52468512335  
453 2-1 0.06918991004225314 21.464202835282606 0.6579416168876585 5.448175282194282 21292.58271535331  
454 2-1 0.06088602153682967 17.964133586641296 0.6536069133187559 5.558586163096877 15689.447888101331  
455 2-1 0.059276365016492444 15.798091805148209 0.6424450119711727 5.693574766344433 14066.729636095346  
456 2-1 0.06979649692815872 18.89205039525684 0.6482322285788393 5.420902029304396 15196.388681235489  
457 2-1 0.06683269157258456 19.156907991023424 0.6471067023294788 5.395411779029687 14800.23982873644  
458 2-1 0.06812155611767126 19.622152288431366 0.6486170668319698 5.558658254355903 17023.852755133084  
459 2-1 0.0693179962591799 19.221345658352412 0.6407226253664927 5.5700611794814465 16412.274068922852  
460 2-1 0.07273996919577812 20.04279597915139 0.6357312807612416 5.493188907751685 16421.825587273226  
461 2-1 0.0706518736487964 19.1945455226117 0.6217275767043647 5.526673473933586 16245.010858234302  
462 2-1 0.05829514633251355 14.09010909739648 0.6555448991678912 5.500120595236531 20750.43292326695  
463 2-1 0.06532841059431055 18.053604539671852 0.6549505712800708 5.5101457141420696 20939.14682401275  
464 2-1 0.07926625773431525 16.401015257153283 0.6248074527382288 5.396971774884373 9585.194411734128  
465 2-1 0.06143076166967311 18.08141944289361 0.63872855231706 5.661213244559999 16256.872955484034  
466 2-1 0.06372280308204746 19.369284847884504 0.6362908476843063 5.646463346470742 17098.700548320798  
467 2-1 0.06895060497306102 15.518726091663652 0.6387982958042895 5.4991001249093 14819.399270691327  
468 2-1 0.052145789977954174 14.76075757575758 0.6462448772813671 5.580984581385431 14595.903057408937  
469 2-1 0.06953415943084582 17.373663007159724 0.6498768469400976 5.508567748450129 18532.905894346153  
470 2-1 0.07222868667734486 16.384042718446576 0.663255214654371 5.492279535194327 16859.492850015075  
471 2-1 0.06860238336872837 14.218680278422317 0.663871046380866 5.518731937757535 15396.612409372627  
472 2-1 0.07864209642291356 14.916560097708146 0.6585131164871468 5.50454443549323 15763.791902903324  
473 2-1 0.06361753046946385 17.15600601676102 0.6301866408557318 5.666824715432667 15003.458221306253  
474 2-1 0.06037538414266491 21.104060026724 0.6265529222793182 5.632562930491839 21352.019325507194  
475 2-1 0.06293091048206675 19.74319651363121 0.6385048157725559 5.681958083791241 20130.665566042953  
476 2-1 0.05277543274669372 16.19959317890551 0.6374232891624668 5.694066061852251 18024.77990837988  
477 2-1 0.07275254579877442 18.048117814726815 0.639626384823491 5.517333114226602 16740.755889881304  
478 2-1 0.07393786549801842 18.918220936103072 0.6340218888683093 5.490199623569308 16558.04979222915  
479 2-1 0.06779960472820243 15.52047775947284 0.6327669466656637 5.662215852335935 14059.65264420754  
480 2-1 0.05889245409542697 16.568802854349222 0.6390364566627111 5.697941601913318 14467.74992961144  
481 2-1 0.05095284839913446 18.455825546576843 0.6278152605682922 5.652212012850429 14436.426453352682  
482 2-1 0.050592708143995 15.965552739942922 0.6303218698707361 5.718781185737581 15331.919313340422  
483 2-1 0.06568734720256296 17.170088682432585 0.6250505518339973 5.257924398236671 10377.906377434474  
484 2-1 0.07277965366427759 16.061584396448275 0.6558505124826689 5.318458145542144 13872.794400032768  
485 2-1 0.0704452563166871 17.97882862631301 0.660268111821499 5.513915310622984 14890.390377276963  
486 2-1 0.06938713736330801 17.814958916277963 0.641756144045757 5.470681039626717 15285.03349868088  
487 2-1 0.07097737553144096 18.802927330660832 0.6415114824990173 5.5274183658929905 16546.13984217545  
488 2-1 0.06760983274791214 17.460269995645557 0.6356189119204125 5.660109125679196 17099.64823490983  
489 2-1 0.05881559315358137 17.119612749249203 0.6335026700518985 5.589127161893746 18944.761421172174  
490 2-1 0.05472599667245591 19.73852117583705 0.6289408740702178 5.679719795493677 19922.90105731512  
491 2-1 0.06260053958211981 21.671617875626545 0.6378240242890003 5.560903386087916 21334.990353961417  
492 2-1 0.05356420347588687 17.107147500283084 0.6443071084523143 5.6058603070636845 20649.061432245264  
493 2-1 0.056766320162343856 16.946450756660226 0.6477906651261318 5.633934821039996 19131.661225950254  
494 2-1 0.05045591337988841 18.16802470273755 0.6286473907069103 5.6505254126775295 16947.745865965626  
495 2-1 0.050656413189635076 18.095828667413272 0.6191681020717209 5.637102464072775 15589.126199847835  
496 2-1 0.04881962173897189 15.978015704935455 0.6195591200117473 5.717848960967445 17256.906959292137  
497 2-1 0.051753649311318 15.937414054054091 0.6273320401439044 5.745421207517551 16713.445043668216  
498 2-1 0.0665211400350301 18.218875867017413 0.6370350003451763 5.606503896272747 15384.64671023147  
499 2-1 0.0625516535640905 17.26391219617831 0.659234558376576 5.510807357582066 15744.583480280176  
500 2-1 0.055176421599302986 16.82691731295209 0.6540950279164885 5.581197059967704 19433.608510330316  
501 2-1 0.0749912271735443 19.788427312398323 0.6579640997026402 5.45598298532405 18944.742375897185  
502 2-1 0.05476056447117876 19.635554572706575 0.6507675623881851 5.509791644616868 19004.82823875337  
503 2-1 0.07706634565472784 16.882614667940764 0.6286958221467318 5.4643873325065275 13092.506231894045  
504 2-1 0.05318353805549192 15.572291820191703 0.6111851809299566 5.711338065224477 14286.929243314224  
505 2-1 0.057982406626422636 15.687748366673326 0.6221232049347204 5.521143579615044 11257.535138161695  
506 2-1 0.050854582880610504 15.859078637535672 0.6102121944774562 5.624653050003961 11451.644342649277  
507 2-1 0.053444369783350605 19.46969495750265 0.6155653988426742 5.797315597152033 15824.809538874932  
508 2-1 0.05497862533638191 18.891970492268495 0.619917770057725 5.790592059006901 15777.333470829612  
509 2-1 0.06930685151977906 16.62460727678116 0.659810131021807 5.507600319519388 13946.76009961955  
510 2-1 0.06673503602831275 17.79809780862408 0.6451467517361751 5.590867766753648 14620.583850320461  
511 2-1 0.07189903247117457 17.059449225473337 0.6406823708074244 5.541789356748357 13813.448859000353  
512 2-1 0.07392463385515474 18.60000397511583 0.6177218737493964 5.4680837705931165 12674.620350726847  
513 2-1 0.07438783414279539 16.268023563736417 0.6320354642249673 5.545841876253986 14284.272989008763  
514 2-1 0.05782917944876986 18.629554176123786 0.6270945518269241 5.7262074456729515 16567.284042302  
515 2-1 0.05987866214321802 17.57088009568429 0.6470864096248284 5.665481307506407 20252.601551305608  
516 2-1 0.06515370081353763 16.23289666963656 0.6530022937320599 5.620208729049512 19678.660566886832  
517 2-1 0.06300664039640476 17.56826643916698 0.6533130519909532 5.320095847652243 12330.253988835851  
518 2-1 0.052627533672213664 16.80187333985748 0.6289480234165896 5.656186077664066 13799.923805239981  
519 2-1 0.045619294681099494 16.91727582845959 0.6188741047329753 5.745735421017896 14780.927528417475  
520 2-1 0.04415835747764005 17.757093955003842 0.6196471070175656 5.725471990191509 15356.010602884826  
521 2-1 0.058743250993968564 12.329731131667614 0.6585228148480285 5.501102926833055 11009.538053971704  
522 2-1 0.053904172519917144 17.149174300090152 0.5970119838471964 5.797864564860763 12621.473283270914  
523 2-1 0.05260673955225964 20.445829606440313 0.6254124465064846 5.634908926805747 13729.302450386249  
524 2-1 0.05029622121507736 15.748560623165663 0.6388070717017105 5.64038131257523 14330.553598677634  
525 2-1 0.0427599631729548 17.974897447998053 0.6030286285810696 5.82784956701138 13356.04936982347  
526 2-1 0.040872709796517914 15.716330275229305 0.6305889260395062 5.737856562977542 16572.137758846544  
527 2-1 0.06896103174478146 19.422436932270152 0.6451191423961676 5.499885404954065 17880.819862596047  
528 2-1 0.050329348265459796 18.467272944836846 0.633640126793098 5.6029798673402595 18737.103399570024  
529 2-1 0.052652505283779974 16.512795291548958 0.6185864993370643 5.645397424430443 13208.034971504512  
530 2-1 0.06156219533572789 17.343450107261543 0.6172395358179831 5.630971163325878 13565.876886605085  
531 2-1 0.04913965564612766 17.17359804344716 0.6144521926575243 5.724487740689697 14000.026473669277  
532 2-1 0.05257135625737346 15.339989885871248 0.6259636242940757 5.667412060682556 14494.748979335694  
533 2-1 0.04854963480844028 15.324569640062624 0.6273597536803938 5.768095732497637 16815.926067169108  
534 2-1 0.05305444518710636 14.953052995391856 0.6336063604140718 5.582711392086204 11912.02888535597  
535 2-1 0.04835223452904007 15.155280717901643 0.626896140473735 5.647533116211872 12455.46339029279  
536 2-1 0.05681070536711435 18.847925966249417 0.6607582886236049 5.552217002069341 15548.019941322413  
537 2-1 0.056557816089433804 17.042671040745457 0.6448152889638556 5.516942095725067 17410.178203158634  
538 2-1 0.0630334976190035 19.65561490088292 0.6289171005024271 5.570042152718942 13601.189643129763  
539 2-1 0.05516581523655811 17.724659565716077 0.6325394459789253 5.714121589213804 13396.056788994325  
540 2-1 0.05070200458996412 21.066591745785498 0.6452926965369192 5.528949747461723 22656.018974291546  
541 2-1 0.05397518134044616 16.874661326422505 0.6376257958531983 5.544457179456747 21896.85805167907  
542 2-1 0.06498456501587258 18.59754210167362 0.6132308222160784 5.556317365166058 13578.575529199275  
543 2-1 0.051072519548371234 19.137855933890954 0.6201643606111711 5.608702752370045 12180.4033321312  
544 2-1 0.053701668165114846 17.515610381097083 0.6438493646437509 5.549100506963472 12438.670722616469  
545 2-1 0.07479638795638872 22.244451778300327 0.6323747082045413 5.44900549421415 16015.13529924712  
546 2-1 0.07239732998098737 18.45725524475511 0.6147049726702509 5.329873544414058 11329.14112307109  
547 2-1 0.06185710229860991 14.517975101625892 0.6361733590959024 5.465588171256666 10414.595900648455  
548 2-1 0.06583291522991312 15.118161335430191 0.6519268878963292 5.589180322462875 16911.613397109013  
549 2-1 0.05248312791879682 17.469912624388776 0.649835712056551 5.680636613600923 19393.06241097402  
550 2-1 0.04694963799660657 17.39735184845809 0.6145432577559534 5.769474406121303 14217.265150183102  
551 2-1 0.053531570518280426 15.606995649187006 0.6365281194021015 5.604176284402258 14215.867680397509  
552 2-1 0.05165930099462847 18.925652922247973 0.629519747459593 5.691743570221477 18186.796214848015  
553 2-1 0.05014234842431511 17.901334919377284 0.6342106886780541 5.786814368370216 17232.710848669343  
554 2-1 0.06104698607215837 19.03653918449344 0.6165009494605297 5.6739055911215175 16577.21794243625  
555 2-1 0.06022923621230963 20.36362185294486 0.6515430902801921 5.583071053556679 16944.254684358457  
556 2-1 0.06026858319891076 22.65639561356075 0.6225043682356405 5.698129884722684 16992.86319741505  
557 2-1 0.0664770338298306 20.927923333451655 0.6291653712523531 5.590594290102565 16964.40182293401  
558 2-1 0.08731997838207335 15.434655850875068 0.6573423695260378 5.356151298043589 12266.222914374306  
559 2-1 0.06431938448339854 20.903569644640967 0.6423223204755744 5.570533132095473 18775.75262699911  
560 2-1 0.04501399592576379 14.851415980757046 0.5964538229826989 5.895508359529641 13783.492357504685  
561 2-1 0.07699506342308375 18.045151089927398 0.6480873670966201 5.476046563176763 18461.134482785357  
562 2-1 0.07583629582093346 19.833447904893532 0.6620053152838404 5.410055324435146 18463.486414500458  
563 2-1 0.06915329526517985 18.32423290172903 0.6311206972063909 5.2228686451352955 12333.786942586039  
564 2-1 0.06488801701709658 16.988832643043594 0.6551432496650098 5.42883176965453 17026.56164469006  
565 2-1 0.06606420349264963 19.66612283648015 0.6336659261910752 5.515500702224523 14979.909931838283  
566 2-1 0.06715948067755242 19.015449202350847 0.6462365033540084 5.500138019140429 16678.846996175693  
567 2-1 0.07533889647921355 17.582939582939698 0.65912966291853 5.416445925261829 16078.150340647051  
568 2-1 0.07940751146922752 17.577835344271097 0.66727383531139 5.332975034094873 19001.331392732198  
569 2-1 0.0579144490208391 18.29301115551111 0.6492162401038173 5.495653821760492 21203.78740688222  
570 2-1 0.06289741277292984 20.61659839174649 0.639553105947312 5.517845829719893 14101.813513717256  
571 2-1 0.06810853610424937 18.34754921521685 0.6428644034702929 5.46854527346186 13016.492241731365  
572 2-1 0.05384105779011215 19.67835986802676 0.6461634395915264 5.592569920862048 17020.972723710587  
573 2-1 0.06661364390611733 23.189746300211272 0.6383040641144542 5.478189449471802 16302.242578775618  
574 2-1 0.07068765580807373 20.719070484964334 0.614971309023799 5.548357809318465 12678.556507838008  
575 2-1 0.06661943071074727 20.5549896245993 0.6101472180656043 5.427364251667041 13601.595585691128  
576 2-1 0.06848798072323078 18.304202963293903 0.6369828378820221 5.334568524423333 12734.027231739747  
577 2-1 0.05705854071335317 18.10775695890192 0.6274475688643537 5.392987861302546 12560.612749742697  
578 2-1 0.06972047482852621 15.42917427309048 0.6487395195329813 5.505381062236942 14339.190414294435  
579 2-1 0.057398877961796275 18.261044921422393 0.6255968761680558 5.5384605766830886 15144.645399489835  
580 2-1 0.05172909133000723 17.16203703703695 0.6171557153224916 5.650990487525426 16054.34457212897  
581 2-1 0.07034065688723616 20.326398106268893 0.6399289184505119 5.5936917961070876 15414.206649624268  
582 2-1 0.05049000663042823 21.130347884359804 0.65636537521403 5.684284021581078 22569.224293805346  
583 2-1 0.05411836549070296 17.470471164657454 0.6496726819095381 5.6697406333850235 19534.690029991198  
584 2-1 0.0666406026871 18.627684085138586 0.6458582575047743 5.603097105620078 18216.618461147635  
585 2-1 0.07536510973695724 19.084071159206474 0.6276736018969273 5.476135783398364 15643.147077757922  
586 2-1 0.04938412418622282 14.822743711984337 0.640985149077421 5.732027874589599 17865.59426637314  
587 2-1 0.06843091562097202 17.23489638047931 0.6624580456750805 5.4849556938283675 16386.069995624995  
588 2-1 0.05825546366722368 17.632114773733072 0.6350660218568154 5.614846301756365 13223.253671707946  
589 2-1 0.07200558445240063 18.873077875802508 0.6384380091849389 5.499258444565136 11655.460433769029  
590 2-1 0.06868783320792037 21.89374818261084 0.6270555733992375 5.580834040542605 12853.321381171843  
591 2-1 0.06794128841961478 22.893642760747998 0.6200610843156589 5.350411835846861 12407.869398245923  
592 2-1 0.05135459135325768 19.365720798412195 0.631686213052755 5.567850859075359 18251.667089172595  
593 2-1 0.05324299077986444 19.774008157212 0.6331887784854684 5.699671289537414 17079.73815264051  
594 2-1 0.0726953302184607 18.37373370976072 0.6357314707100378 5.5560343690968015 17330.228875569504  
595 2-1 0.06172526071341836 14.776159793320511 0.6387281430590948 5.223648216055358 11865.208771608797  
596 2-1 0.05133445873183907 16.339307882151175 0.659468985042638 5.6272713344468395 18646.941137199396  
597 2-1 0.056830932346193526 18.13605787915952 0.6408508240145965 5.640115122665021 19202.651865919936  
598 2-1 0.05502313338657424 14.817634624803416 0.6425263153818512 5.642577326098174 19469.27459725686  
599 2-1 0.05698079706590331 15.353950108227638 0.6446156290926747 5.547211497618936 21039.27681492069  
600 2-1 0.06004651148144559 17.605042712142314 0.633889925585778 5.653131254257258 20100.919828236238  
601 2-1 0.06710374548062148 18.665640023451108 0.6280616573292253 5.663482527316874 15723.256903840645  
602 2-1 0.056868125204133466 18.587368764397958 0.6270892560370227 5.731994066685476 16147.548499679473  
603 2-1 0.04325828383887338 17.466682035477653 0.6062661443033215 5.83849239197585 17485.157742411262  
604 2-1 0.04664849135639144 15.434885781054078 0.626457618303475 5.83175773633265 16699.934416585616  
605 2-1 0.0691558307914479 19.281387926656734 0.6323837424876094 5.561193468776224 18272.070729016432  
606 2-1 0.06731408186563423 17.639559615178477 0.6479386648666535 5.529075385242736 17531.495528036983  
607 2-1 0.07232287428696162 18.395878984943874 0.6455081497664318 5.513409585608253 17206.567685256003  
608 2-1 0.06963709607436629 17.743106475266003 0.6531937701088717 5.481460074828978 17612.546807954408  
609 2-1 0.08057392474317847 20.167263227667927 0.6789665163368976 5.282530332001743 18777.5972949699  
610 2-1 0.06958777583195276 17.689453709772973 0.6570107774023816 5.470636220799959 19504.722031360125  
611 2-1 0.08844746343536661 18.073802877230527 0.6831477446199798 5.198955301734687 17631.391791769638  
612 2-1 0.07417596911988424 19.462878442111744 0.6699419190358586 5.3075351166861555 18565.11067561527  
613 2-1 0.06633503354721926 15.45710358625367 0.6429219857717118 5.573863996750223 17770.242127327358  
614 2-1 0.07291349370886592 16.857986192829593 0.6524546953079431 5.503188628976899 17060.857154132544  
615 2-1 0.06477773011927876 18.9690261956474 0.6320008139041493 5.568577838546691 17348.248700199  
616 2-1 0.05327339720636626 16.8038478549314 0.6136050596551252 5.698493387334346 18602.794004765437  
617 2-1 0.05570722203861322 16.577961013821888 0.6079180195323652 5.325175684113814 13747.477833156772  
618 2-1 0.047613441926351134 18.455333780247823 0.615745378179458 5.826333654438455 15702.720515679655  
619 2-1 0.059001192738779344 17.586419434702034 0.6312756062168856 5.72222330485026 15210.100007951412  
620 2-1 0.056041937824207404 15.354464103733731 0.6208812591228369 5.54796466884387 12592.906411793458  
621 2-1 0.07812443388401594 17.07311352706074 0.6382028579475384 5.426970770269832 13078.630092278829  
622 2-1 0.0627416420029414 16.213897821599744 0.6367515301454522 5.545221383686453 12390.424104322392  
623 2-1 0.05391644528624476 19.695331612613625 0.6373498658957195 5.651917114103832 19765.859907176542  
624 2-1 0.06871391768128124 22.597223393193527 0.6634423071319944 5.31983584352681 19135.238312995767  
625 2-1 0.07501150900640387 15.03104199683042 0.6684380532903934 5.421449428776712 15662.760292899215  
626 2-1 0.06431336007043507 15.640567634006754 0.6513457579973125 5.593541607036299 17069.30371647226  
627 2-1 0.06285274639718648 20.582204051261588 0.62575413903647 5.636256708526164 16581.88956678577  
628 2-1 0.06369393526436427 19.328744887217315 0.64150551897144 5.618951183074811 16833.480604885484  
629 2-1 0.05636857733753739 16.851617250673893 0.6267832208664582 5.758546977575381 14596.433085065497  
630 2-1 0.059664828869000736 19.509751099346545 0.6430082540820076 5.684758739538572 17466.423755350377  
631 2-1 0.06050105797745527 17.66879324131701 0.6393217427322037 5.569415023485137 15143.239077625658  
632 2-1 0.05164806747426547 19.085310759834872 0.6399675942923219 5.641003210948392 16671.82533494584  
633 2-1 0.06546651231620282 17.707894715250386 0.633242448864371 5.565207006314782 13834.443239849748  
634 2-1 0.08227178633800672 20.09363424928954 0.6432666519409607 5.342538344246836 13586.262972340843  
635 2-1 0.062266257396444265 18.081653846154005 0.61819930195646 5.657980515404511 17032.740432794682  
636 2-1 0.06647311115160494 15.758122920336458 0.6030147655880453 5.644948268753505 13152.94763080175  
637 2-1 0.07101366585897664 15.351020969135535 0.6545298773698293 5.614663367523666 19522.151446531807  
638 2-1 0.07124395185283791 19.37714743434906 0.6426237581938501 5.376742880276547 14158.960449839116  
639 2-1 0.060817442712582936 20.322512193035006 0.6501094824906822 5.327245770013414 17917.62512760065  
640 2-1 0.08842786952220753 17.372278709999605 0.675315179049103 5.151770847985306 17727.835978950523  
641 2-1 0.06639623798219799 18.685964769867553 0.6618488597175148 5.52798737923706 15112.18942442834  
642 2-1 0.06377178713788262 16.85033084716678 0.6563047561016143 5.56005905769331 16484.522309540167  
643 2-1 0.0705138595913152 16.36486807387865 0.6606096779472994 5.399737256048338 13295.237301817606  
644 2-1 0.07394027094443999 19.341188792877567 0.6592083194324599 5.420130383257342 14493.670712520863  
645 2-1 0.06488292633243342 22.872003164731794 0.6426576819058788 5.428668639905157 17599.9502996749  
646 2-1 0.06407891694841682 25.362541577982334 0.6314710280321806 5.4642510082841005 19108.793682078973  
647 2-1 0.05457607109346263 19.07809991795404 0.6167150030604336 5.7551572367586585 16113.892233229546  
648 2-1 0.06343099937373078 17.31557626705651 0.633025759921121 5.645264002718904 15650.609903396822  
649 2-1 0.08483661711798574 23.63350915193697 0.6674561454258975 5.213741306079126 14961.917159953076  
650 2-1 0.06820922528114699 18.966247870528 0.6589210806622984 5.310247607368124 15334.882889856955  
651 2-1 0.07244179821780306 15.704905891255619 0.6584516546857805 5.39238251228726 13880.590219363508  
652 2-1 0.06683523857373508 16.46618110364089 0.6562966584400578 5.477718980551455 15034.498718347295  
653 2-1 0.06820597018295557 15.596116154322234 0.6474338027284953 5.491372650616377 12770.854122716271  
654 2-1 0.044774534179292086 19.06732869910638 0.6230262066984136 5.809098395950782 16619.612198617677  
655 2-1 0.04577173351481992 15.121035187112179 0.6381546228079593 5.767351370825229 16311.92871906363  
656 2-1 0.04277372476532942 16.32804910988346 0.6102156709523521 5.990862319671679 16444.64189601848  
657 2-1 0.048960089669611705 15.615104417236857 0.6051485140068624 5.7248374195408624 11993.128641096171  
658 2-1 0.04677407422943099 17.75121085554065 0.586769841504637 5.802709764228347 12383.705634380143  
659 2-1 0.05418153755841952 16.49109966567268 0.6170762059976512 5.774667786242774 16258.742869986952  
660 2-1 0.050783314613569844 17.085034840382214 0.6027825221082589 5.836977151987354 16335.207166069227  
661 2-1 0.043147487093166945 16.115215636531307 0.6138934348067158 5.844743430774861 14456.6437833008  
662 2-1 0.04356482472150467 15.918484814972892 0.6182973847033256 5.793775640767946 16064.761063227459  
663 2-1 0.04412179280653477 18.261419326464058 0.616942534518527 5.821939262863649 16499.108119017903  
664 2-1 0.06084782452428634 20.21697637285069 0.6377417901426541 5.540172736064763 16602.326291189067  
665 2-1 0.0691315332431512 16.47599073384637 0.6456523448772092 5.4963628651197896 15571.522053675328  
666 2-1 0.06205518131447737 17.062236916624645 0.6492158459397785 5.604402214537493 14426.64777589137  
667 2-1 0.07233563751778001 19.336346350617433 0.6328064687677656 5.565746007989922 16210.097995822985  
668 2-1 0.05867222182055487 18.062127999663584 0.6244644632356913 5.667206912702819 16600.654918236865  
669 2-1 0.06973029011646319 15.819205403155575 0.6386013154526107 5.581934615981814 14831.225407317108  
670 2-1 0.05966796637027938 15.652512126339523 0.6400075567250753 5.560604217992239 15274.003024728265  
671 2-1 0.07945668820191752 17.074610765715544 0.6384958989642168 5.4622890522307985 13346.016767556708  
672 2-1 0.06360209826632791 17.56783253842094 0.6307467627325567 5.604202985513611 12977.18516377851  
673 2-1 0.05991461366269665 21.45127103848035 0.6392589419703483 5.514320962337012 19369.997333214083  
674 2-1 0.06266616593015793 17.492998696219004 0.6446955340104794 5.522968807683517 18761.196766390403  
675 2-1 0.053218303714363105 16.006992363218078 0.648905605762319 5.563677036567874 16286.613463632164  
676 2-1 0.07310659098630137 23.36263631510698 0.663911149786217 5.31314630196275 18318.171598942426  
677 2-1 0.06946898832328192 17.48372772723874 0.6404383894617129 5.487694672293159 13766.16104316916  
678 2-1 0.04760554533790077 17.79750437014147 0.6137849188895197 5.789116209936224 15115.1908363913  
679 2-1 0.05342973460116641 15.349563046192317 0.6341336463056281 5.692755435448052 14500.835851298267  
680 2-1 0.04992318420247291 16.088426887644452 0.6112472442627404 5.719369176614408 11676.75376853353  
681 2-2 0.07960821288543538 10.847000809597294 0.6374194777068478 5.316050332678377 6924.1915751896795  
682 2-2 0.06845458665420563 10.641208496280864 0.6367715005161463 5.19702601471739 6597.220147696429  
683 2-2 0.059409714507029275 10.514183319053327 0.588884081608027 5.628004612091727 5856.344912639381  
684 2-2 0.0662739144157723 9.429997670471563 0.6443884630362646 5.310100076174183 6126.416759146139  
685 2-3 0.07296219828440256 19.72255854855116 0.6461340495506808 5.443094649487805 14513.967117212047  
686 2-3 0.06794775460207028 19.471338928856838 0.649869195454698 5.517404587658583 17763.077149805657  
687 2-3 0.06611903834338145 17.369987131339176 0.6481771657293613 5.625427085363912 14076.6202478894  
688 2-3 0.06610433825069902 16.91563954421453 0.6308539461638372 5.558326428874724 14661.150259349697  
689 2-3 0.0544758924831936 18.350036152659857 0.6178986469276194 5.752712958191866 18202.424941551304  
690 2-4 0.056796255401049385 10.429998464962887 0.621132237309694 5.480100637888609 7193.0888232781745  
691 2-4 0.06352284597579944 11.029040404040371 0.610795416390848 5.436192569335382 5807.3759047939675  
692 2-4 0.05325235416503942 11.578867097936369 0.5849453037602439 5.5604225005276895 5581.895130871492  
693 2-4 0.06894516350926483 10.346296296296327 0.6569506200288789 5.353233162633285 7932.443142490448  
694 2-4 0.0935597474265364 11.45889537459794 0.6663520244191277 5.238754089455519 7300.675836442694  
695 2-4 0.06302647282356481 10.403955400303506 0.6304994082161716 5.448408306104941 6779.172683081477  
696 2-4 0.06378007899326162 10.864167379637596 0.6659021678033512 5.125392114788334 6733.260562162825  
697 2-4 0.06106582273011435 11.140423469387747 0.6189102406444634 5.356294702929765 5811.363981367868  
698 2-4 0.06460255659841023 10.447792872775342 0.6342464484644603 5.343790558674748 6019.020839986703  
699 2-4 0.14594429924650032 8.83717975571047 0.6974587829030444 4.725323742452485 5438.472688194524  
700 2-4 0.07850356373088394 16.451449769096843 0.6338802260063203 5.304775168856235 7310.320315377073  
701 2-4 0.05338919331449877 12.087622030359377 0.6340997544392732 5.450793227444172 7468.25432140995  
702 2-4 0.06002233399353752 9.907006353368251 0.605934613663582 5.48815490379324 6259.3076170759405  
703 2-4 0.0662180860826566 10.304271506186565 0.6186905916291551 5.555545431661228 6368.698116770908  
704 2-4 0.046896750496977835 9.92541847292982 0.6096963647375498 5.631569818873621 5913.218313659667  
705 2-4 0.06576618886616692 10.794096354100851 0.6170105271174601 5.626109866417097 7381.876129730522  
706 2-4 0.06008826795526269 11.707051202834007 0.6028296471074145 5.6329462038464 7203.262067254934  
707 2-4 0.06820073638632027 11.54225225225231 0.6340240034888771 5.45096166561961 7253.397343727856  
708 2-5 0.06887365544023354 18.647815415879897 0.6474039300156499 5.510019103917427 19817.867945010094  
709 2-5 0.06769732497685389 16.227696999973567 0.6482923573256989 5.570074942539487 14586.13905781933  
710 2-5 0.07674762925388505 19.103189357357206 0.6788911572172296 5.366536034756935 18642.324810849816  
711 2-5 0.07438607898156747 16.755540589080447 0.6505577421407934 5.221387472544293 10940.313782231973  
712 2-5 0.055536359951442675 16.14048006152545 0.6074022303286051 5.389228164140511 9567.400789923176  
713 2-5 0.07508342476264686 16.6927815939349 0.6531261572717898 5.442108559372252 16587.862167086685  
714 2-5 0.06933368140252992 22.311390805635344 0.6357304156226392 5.579212739874655 18819.22778541378  
715 2-5 0.07124857250995562 19.610416130692045 0.6145292720715896 5.567561746185903 12707.816471430886  
716 2-5 0.07221413844354335 19.69053013505338 0.6245996197182863 5.263618959337556 13259.212007604121  
717 2-5 0.06822012399867675 19.63415651150135 0.6123478933830132 5.306486480748517 13295.085577903772  
718 2-5 0.08038918382552455 19.04091103051 0.6579842333774821 5.35923782763044 16886.831361851564  
719 2-5 0.09309358427216836 18.230898276650983 0.6164789834879959 5.125815592243661 10288.249295784995  
720 2-5 0.08334653203177854 20.773685051017953 0.6421454495812654 5.23632890869794 14337.829855057696  
721 2-5 0.06201470392630875 18.933615744650847 0.6315721031675198 5.463060873009927 14784.934462298175  
722 2-5 0.06126972313009627 22.4911795616058 0.6182659972291962 5.632110101565841 13471.452294150171  
723 2-5 0.05498196009447819 17.034329368533037 0.6368691500871891 5.719059775884615 17865.386001005307  
724 2-5 0.08083828227925355 19.465797172777588 0.6171707387735005 5.033452966888804 8782.495024869164  
725 2-6 0.06683018596897033 18.172263541733695 0.6143329470660649 5.65731469642605 16424.50929737084  
726 2-6 0.0640462913311169 21.03379896125911 0.6573507780308835 5.473275185792427 19884.632490742988  
727 2-6 0.06249034093033086 16.023969254053718 0.6236068532741532 5.668649007480527 16662.024432913935  
728 2-6 0.07247440753796669 18.96891833933781 0.6418659451836529 5.471109931707018 15512.083540208327  
729 2-6 0.0611574842115937 15.284549382607507 0.6191496875962482 5.676507478859156 14559.311443674713  
730 2-6 0.07137705665173916 16.835144557823053 0.6325870531066646 5.63098178219713 15661.835007811145  
731 2-6 0.061584127955475326 14.678537178477283 0.6226116897795193 5.736372999538946 16205.404978589537  
732 2-6 0.07159650242860525 20.684458748279262 0.6496577775260798 5.495363817945345 16223.262271525262  
733 2-6 0.04407513176411755 15.229583725999808 0.5929371038185633 5.742009649908194 10512.545739198044  
